id,url,date,title,location,description,info,horaires,salairemin,salairemax,entreprise,experience,contrat,debutant
4487632,https://candidat.pole-emploi.fr/offres/recherche/detail/4487632,2024-04-04,Offre d'emploi LEAD DATA SCIENTIST (IT) / Freelance (H/F) - 91 - MASSY - 4487632 | France Travail,91 - MASSY,"Nous avons besoin de Lead data scientist pour projets de machine learning sur
des données structurées relationnelles
Nous recherchons un Lead data Scientist expérimenté sur les problématiques de prévision, à
l?aise pour mener des discussions avec différents métiers, en capacité de guider des profils
moins expérimentés sur leur pratiques de data science.
Prérequis
- SQL, Python
- expérience du développement logiciel agile avec multiples contributeurs (git, code review,
CI/CD, bonnes pratiques)
- expérience du cloud, idéalement GCP
Environnement technique des projets
Python, SQL, Terraform, Bitbucket, Jenkins, Airflow, Docker, Kubernetes, GCP (BigQuery,
Spark DataProc)
Voici le détail du projet et de la mission :
Construction de modèles de prévision de la demande client pour optimiser les décisions
Enjeux
- Concevoir et mettre en place de modèles de prévision, à différents horizons temporels, et à
différentes granularités, en s?appuyant sur une modélisation probabiliste de la demande
- Concevoir les métriques et protocoles d?évaluations
- Optimiser leur temps d?exécution dans un contexte de très forte volumétrie 
- Assurer l?explicabilité du comportement des modèles
- Intégrer les prévisions à un projet de recherche opérationnelle","
Contrat à durée indéterminée

Contrat travail
",unspecified,unspecified,unspecified,Unspecified,Débutant accepté,Contrat à durée indéterminée,True
4487216,https://candidat.pole-emploi.fr/offres/recherche/detail/4487216,2024-04-04,Offre d'emploi Data scientist sénior H/F (IT) / Freelance - 59 - LILLE - 4487216 | France Travail,59 - LILLE,"Contexte de la mission :
Les équipes de data science ont un rôle central dans la transformation de l'organisation globale de notre client, en utilisant des modèles de Machine Learning et Deep Learning pour résoudre des problèmes commerciaux à fort impact et en diffusant la culture de l'IA dans toute l'organisation.
L?équipe ?AI Forecast & Supply ? a développé une solution de prévisions de chiffre d?affaires. Cette solution a été mise en production et est consultée quotidiennement via une application développée par une équipe de software engineers afin de piloter le staffing des coéquipiers dans les magasins.
Dans le cadre d'une réorganisation, notre client recherche un(e) Senior Data Scientist afin de maintenir et d?assurer le développement des évolutions fonctionnelles et techniques de la solution.
Descriptif de la mission :
En tant que Data Scientist, vous aurez l?occasion de :
 Assurer la robustesse des prévisions de la solution de prévisions pour les magasins
 Assurer lien avec l?équipe produit, les métiers, et les utilisateurs en adaptant ses explications à un public non-initié
 Continuer les évolutions data science permettant d?améliorer les prévisions (ex : intégration de paramètres externes, modification de l?horizon de prévisions, granularité temporelle)
Profil candidat:
Vous justifiez de 5 ans d?expérience comme Data Scientist avec des expériences significatives dans le milieu des prévisions et des séries temporelles
Modélisation d?une problématique métier et mise en place d?indicateurs de mesure de la performance.
Expertise approfondie du Machine & Deep Learning sur la thématique de prévisions temporelles.
Production de code ?robuste? permettant l?industrialisation, le passage à l?échelle et le maintien de la solution IA
Maîtrise indispensable de Python et de ses librairies Data Science
Maîtrise des outils permettant de gérer les gros volumes de données (stockage HDFS, calcul distribué, ?) via Spark.
Expérience significative dans la mise en production de solutions de ML ayant un impact à grande échelle sur les clients.
Maîtrise des pratiques de packaging ML et de mise en place des architectures AI avancées.
Maîtrise des environnements de développement sur le Cloud (ex : AWS, SageMaker, DataBricks, etc.).
Maîtrise des outils de développement : Git, Github, CI/CD, VSCode/Pycharm, Terminal.
Maîtrise de l?Anglais indispensable.","
Contrat à durée indéterminée

Contrat travail
",unspecified,unspecified,unspecified,Unspecified,Expérience exigée,Contrat à durée indéterminée,False
4486884,https://candidat.pole-emploi.fr/offres/recherche/detail/4486884,2024-04-04,Offre d'emploi Data Scientist / Engineer IA (H/F) (IT) / Freelance - 44 - NANTES - 4486884 | France Travail,44 - NANTES,"Dans le cadre d?un projet d?envergure, nous recherchons un Ingénieur IA / Data Scientist (H/H)
Vos missions entre autres :
- Analyse et conception sur des sujets d?intelligence artificielle
- Développement Python (NLP/Data Science, LLM)
- Améliorer les solutions existantes, veille technologique, participer à l?animation des équipes
Environnement technique : 
NLP (transformers, libraries spacy, standford core, scikit-learn, nltk, fasttext, gensim, )
Développement Python (regex, programmation orienté objet, )
Base de données (mongoDB), Elasticsearch, GIT, Jenkins 
Analyse des données (jupyter, excel, )
Le poste est à pourvoir dès que possible à Nantes
Rythme 3j sur site / 2j de télétravail
pas de full remote","
Profession libérale

Emploi non salarié
",unspecified,unspecified,unspecified,Unspecified,Débutant accepté,Profession libérale,True
4486844,https://candidat.pole-emploi.fr/offres/recherche/detail/4486844,2024-04-04,Offre d'emploi Fiche de poste : Data Scientist - Machine Learning (IT) / Freelance (H/F) - 59 - LILLE - 4486844 | France Travail,59 - LILLE,"Descriptif du poste 
Dans le cadre de notre initiative, une équipe dédiée composée d?un centre d?excellence spécialisé dans le pricing, accompagné d?une équipe transversale dédiée aux données et à l?intelligence artificielle, travaille à développer des solutions innovantes et industrielles reposant sur une utilisation judicieuse des données et des avancées en matière d?intelligence artificielle. L?objectif est d?optimiser la tarification de manière proactive, de répondre aux attentes changeantes du marché et de favoriser une expérience client exceptionnelle.
 Stack technologique 
- Execution Engine : Databricks, EKS, Sagemaker
- Payload : Python, Spark, Scikit-Learn, Tensorflow, Pyspark
- CICD : Github Actions
- Serving : Docker, Protobuf, gRPC, Model registry, Model Tracking, MLFlow
- Orchestration : Airflow
- Documentation / code : Git, Confluence
- Data Visualisation : Tableau
- Monitoring : Datadog, Giskard
 Objectifs et livrables 
 Vos responsabilités 
En tant que Data Scientist, vous aurez l?occasion de :
- Collaborer étroitement avec les Product Managers, Machine Learning Engineers et Data Engineers afin d?identifier les opportunités business à fort impact, exploiter les données pour quantifier les résultats et participer à la planification de la stratégie et de la feuille de route de ML pour l?équipe.
- Construire et produire des systèmes d?apprentissage automatique innovants et industrialisés.
- Créer des systèmes intelligents de surveillance en temps réel et d?observabilité des données.
- Cadrer les frameworks de run pour nos pipelines en production (astreintes, procédures, SLO/SLA, ...).
- Contribuer au partage des bonnes pratiques sur les outils ML afin d?en améliorer la productivité et la qualité des résultats pour les ingénieurs et scientifiques de l?ensemble des équipes.
- Coacher, mentorer et recruter d?autres membres pour aider à accroître l?efficacité et la croissance de l?équipe.
 Skills 
- Modélisation d?une problématique métier et mise en place d?indicateurs de mesure de la performance.
- Expertise approfondie du Machine & Deep Learning et des algorithmes d?optimisation.
- Production de code robuste permettant l?industrialisation, le passage à l?échelle et le maintien de la solution IA (framework de développement, Domain-Driven Design, Kedro, ).
- Maîtrise indispensable de Python et de ses librairies Data Science (pandas, numpy, scikit-learn, tensorflow, pytorch, ).
- Maîtrise des outils permettant de gérer les gros volumes de données (stockage HDFS, calcul distribué, ) via Spark.
- Expérience significative dans la mise en production de solutions de ML ayant un impact à grande échelle sur les clients.
- Maîtrise des pratiques de packaging ML et de mise en place des architectures AI avancées.
- Maîtrise des environnements de développement sur le Cloud (ex : AWS, SageMaker, DataBricks, etc.).
- Maîtrise des outils de développement : Git, Github, CI/CD, VSCode/Pycharm, Terminal.
- Maîtrise de l?Anglais indispensable.
 Ce dont vous aurez besoin pour réussir 
- Compréhension approfondie du processus du cycle de vie d?un produit Data Science.
- Capacité d?aller en profondeur et de construire les solutions les plus impactantes tout en menant une variété d?orientations au sein de différentes équipes et organisations pour assurer le succès de notre mission.
- Solides compétences en matière de résolution de problèmes, notamment sur le développement produit.
- Forte appétence pour la découverte et la résolution de problèmes, recherche constante et proactive pour la clarification des exigences et des orientations ; capacité à incarner un leader qui sait prendre des responsabilités lorsque cela est nécessaire.
- Veille technologique constante du marché de l?IA et des progrès de l?industrie.
 Compétences demandées 
Compétences Niveau de compétence
- -
Databricks Avancé
PYSPARK Confirmé
Agile Confirmé
AWS Expert
Anglais Expert
Git Confirmé
Python Expert
Analyse de données Confirmé","
Profession libérale

Emploi non salarié
",unspecified,unspecified,unspecified,Unspecified,Débutant accepté,Profession libérale,True
4485746,https://candidat.pole-emploi.fr/offres/recherche/detail/4485746,2024-04-04,Offre d'emploi Docteur Data Scientist - F/H (H/F) - 75 - 4485746 | France Travail,75,"Créée en 2015, BimBamJob est une entreprise de léconomie sociale et solidaire, agréée ESUS. Notre mission ? Être des artisans dune société qui met en son cœur la dignité des personnes.
BimBamJob a aujourdhui trois activités principales :
laccompagnement de public en situation de fragilité socio-professionnelle  bénéficiaires du RSA, réfugiés, demandeurs demploi longue durée, etc. ;
le développement dun logiciel innovant de suivi 360 à destination des accompagnateurs vers l'emploi, des personnes accompagnées et de toutes les parties prenantes qui œuvrent à leur insertion ;
une activité de conseil & de formation à destination de nos clients publics, qui repose notamment sur de l'analyse data, un partage de méthodologies daccompagnement & de la facilitation. La création dune école pour former les accompagnateurs socioprofessionnels de demain à nos méthodes de travail.
BimBamJob compte aujourdhui 95 salariés et connait une croissance forte depuis plusieurs années. Près de 80 000 personnes sont aujourdhui impactées directement par notre action.
Nous sommes classés parmi les 25 entreprises où les salariés trouvent le plus de sens à leur travail, selon l'enquête de Choose My Company. 
BimBamJob a développé Horizon, une plateforme à destination des professionnels de laccompagnement (nos coachs en interne et les conseillers en insertion chez nos clients). Horizon est un soutien technologique pour soulager le coach sur les tâches répétitives et améliorer la performance de l'accompagnement afin de se concentrer sur la personne accompagnée.
En 2023, BimBamJob a créé le Lab de l'insertion, initiative portée par l'équipe data pour améliorer nos pratiques d'accompagnement à travers l'usage de la donnée. L'objectif : identifier les actions d'accompagnement qui marchent le mieux pour les personnes qui en ont le plus besoin.
Au sein de léquipe data composée de 5 personnes, vous avez pour mission daméliorer lusage de la donnée au sein de BimBamJob par son exploration, sa visualisation, et lutilisation de machine learning.
Vos missions :
Vous construisez des structures automatisant les échanges de données avec nos partenaires afin que l'information la plus fraîche soit toujours disponible (offres d'emploi et de services, informations administratives, etc)
Vous implémentez, évaluez et déployez des modèles de machine learning en production impactant directement nos utilisateurs par votre travail.
Vous soutenez les autres équipes dans la mise à disposition de données clefs au pilotage et à lamélioration des pratiques internes.
Vous étudiez et analysez les pratiques d'accompagnement social, en interne et dans le secteur de laccompagnement social, dans le but d'isoler et de partager les méthodes les plus efficaces.
Vous présentez à vos collègues les derniers papiers de recherches et/ou technologies qui pourraient améliorer certains cas dusages.
Quelques-uns des avantages à nous rejoindre chez BimBamJob :
Une équipe dynamique, engagée et liée par des valeurs partagées
Un accompagnement managérial fort pour monter en compétences et grandir au quotidien
Du télétravail 1 à 3 jours par semaine si souhaité
Un statut Cadre  38,75h hebdomadaire  10 RTT par an
Prime de vacances, prime dintéressement, tickets restaurant
Candidatez en adressant votre CV, puis voici les étapes suivantes :
Entretien RH
Test technique
Entretien technique
Entretien CTO + Rencontre Equipe
Prise de références 
Formation Bac +8 Doctorat, toutes les disciplines sont les bienvenues tant que le sujet de thèse a été suffisamment quantitatif.
Vos compétences :
Vous possédez de bonnes compétences en Python
Vous possédez de bonnes compétences en SQL ou autre langage de requêtage de base de données
Vous possédez de bonnes connaissances sur le traitement et lanalyse de données diverses (données structurées, texte, image...)
Vous possédez de bonnes connaissances sur lutilisation dalgorithmes de machine learning
Vous possédez une capacité de vulgarisation de concepts et algorithmes complexes
Les expériences suivantes sont un + pour votre candidature : Expérience avec une plateforme cloud (AWS, GCP, Azure...), avec des outils dorchestration de pipeline de données (Airflow, Luigi), avec des outils de visualisation de données (Metabase, Tableau, Superset...)
Qualités essentielles :
Autonomie, curiosité et polyvalence
Organisation et rigueur, avec un esprit analytique
Vous cherchez à participer à une aventure entrepreneuriale dont la mission est porteuse de sens et centrée sur lhumain
Toutes nos offres d'emploi sont accessibles aux personnes en situation de handicap.","
Contrat à durée indéterminée

Contrat travail
",unspecified,unspecified,unspecified,Unspecified,Débutant accepté,Contrat à durée indéterminée,True
4484772,https://candidat.pole-emploi.fr/offres/recherche/detail/4484772,2024-04-04,Offre d'emploi Data Scientist (IT) / Freelance (H/F) - 75 - 4484772 | France Travail,75,"Pour un client dans le secteur bancaire, nous recherchons un Data Scientist expérimenté afin d'assurer le développement & suivi de projets en cours et de contribuer au cadrage des projets à venir.
Contexte :
Au sein de l'équipe Projet IA Business du Centre d'Expertise Data Science de la Direction Digital & Data composée de 6 data scientists dont les projets DS s'articulent autour du digital, du marketing et de la fraude.
Les tâches à réaliser sont :
Exploration des données
Conception d?un modèle
Implémentation du modèle en Python / Spark
Tests
Documentations techniques et fonctionnelles
Accompagnement des utilisateurs en phase pilote
Forte importance à la qualité du code produit (structure, lisibilité, optimisation, documentation)
Type de données utilisées : Principalement données structurées, texte pour certains projets
fact_check
Environnement technique et fonctionnel
Principalement Python (Numpy, Pandas, scikit-learn...), Big Query, Spark
Environnement cloud GCP
Développement sous IDE et notebook
Git
Expertises spécifiques :
ML supervisé et non supervisé
Segmentation
Séries temporelles
Factorisation de matrice / extraction de variables latentes (Analyse Factorielle, ACP, SVD, auto-encoder...)
Graphes
Langues
Anglais : Professionnel (Parlé, lu, écrit)
Compétences :
BigQuery Requis
Spark Requis
GCP Requis
Cloud Requis
Git CI/CD
Profil candidat:
Points clés :
Capacité de compréhension et d'implémentation d'articles de recherches requise
De bonnes connaissances en environnement cloud (GCP de préférence) sont recommandées
De bonnes connaissances en développement sont recommandées
Une expertise bancaire est un plus
Une expertise de mise en production de modèle est un plus (CI/CD)","
Contrat à durée indéterminée

Contrat travail
",unspecified,unspecified,unspecified,Unspecified,Débutant accepté,Contrat à durée indéterminée,True
4484591,https://candidat.pole-emploi.fr/offres/recherche/detail/4484591,2024-04-04,Offre d'emploi Un Data Scientist disposant de compétences en Generative AI sur Lyon / 2 jours télétravail (IT) / Freelance (H/F) - 69 - 4484591 | France Travail,69,"Smarteo recherche pour l'un de ses clients, Un Data Scientist disposant de compétences en Generative AI ayant un bon anglais sur Lyon / 2 jours télétravail 
 
 Description: 
 Data Scientist disposant de compétences fortes en Generative AI 
 
 Bon niveau d?anglais 
 Plein temps, mission longue, 3j/semaine sur site client (Lyon et alentours). 
 Plein temps, mission longue, 3j/semaine sur site client (Lyon et alentours). 
 
 Si vous êtes disponible et intéressé, merci de me faire parvenir votre TJM ainsi que votre CV à jour au format Word.
Description: 
 Data Scientist disposant de compétences fortes en Generative AI 
 
 Bon niveau d?anglais 
 Plein temps, mission longue, 3j/semaine sur site client (Lyon et alentours). 
 Plein temps, mission longue, 3j/semaine sur site client (Lyon et alentours). 
 
 Si vous êtes disponible et intéressé, merci de me faire parvenir votre TJM ainsi que votre CV à jour au format Word.
Profil candidat:
 
 Description: 
 Data Scientist disposant de compétences fortes en Generative AI 
 
 Bon niveau d?anglais 
 Plein temps, mission longue, 3j/semaine sur site client (Lyon et alentours). 
 Plein temps, mission longue, 3j/semaine sur site client (Lyon et alentours). 
 
 Si vous êtes disponible et intéressé, merci de me faire parvenir votre TJM ainsi que votre CV à jour au format Word.","
Profession libérale

Emploi non salarié
",unspecified,unspecified,unspecified,Unspecified,Débutant accepté,Profession libérale,True
4484555,https://candidat.pole-emploi.fr/offres/recherche/detail/4484555,2024-04-04,Offre d'emploi Lead Data Scientist (h/f) (IT) / Freelance - 75 - 4484555 | France Travail,75,"Nous recherchons un Lead Tech Data Scientist pour intervenir sur un projet à forte valeur ajouté. 
Contexte : 
Contexte organisationnel : Au sein de la tribu DATAFACTORY, Squad Usages DATA & IA 
Contexte Projet : Moteur de recommandation (Next Best Offer)
Dans le contexte d'un marketing customer-centric dont l?objectif n?est plus de créer des segments uniformes mais de comprendre les besoins et les comportements des clients pour promouvoir des offres et des produits personnalisés. 
 
Tâches : 
? Organiser et piloter la fabrication du projet dans sa composante développement et industrialisation (définition des US en coordination avec le lead data science, le business analyst, chiffrages, priorisation en appui du PO). 
? Prendre part à la fabrication du projet (entre 60% et 80% selon les phases):
en coordination avec les nombreuses parties prenantes :
- avec les squads ""fabricantes"" du projet (Pole Produit data / Squad Usages DATA & IA , Pole Produit Marketing Communication, autres ...)
- avec les experts référents (architecture, devops, sécurité, tests, ...)
- avec les partenaires internes au Groupe 
? Faire de la pédagogie notamment lors des cérémonies agiles type démo, pour présenter l?avancée des travaux d?un pt de vue utilisateur et métier, en binôme avec le lead data science et la Business Analyst. 
? Contribuer à la monter en compétence sur la data ingénierie les ML ingénieurs internes + junior de la Squad Usages IA
Profil candidat:
Au-delà du projet : 
? Participer à la construction et au maintien de solutions IT évolutives, modulaires, innovantes, cohérentes avec leur écosystème et répondant au besoin métier.
? Décliner le cadre d?Architecture d?Entreprise (processus, normes, patterns ?) et contribuer à son évolution
? Faciliter la prise de décision de manière collaborative sur la meilleure architecture (conformité, sécurité, risques...), avec un juste équilibre entre le respect de la cible d'entreprise et la réponse pragmatique au besoin
? Maitriser les objectifs visés par le cadre d'Architecture d?Entreprise et décrit des solutions qui s'y conforment et sont implémentables sous forme incrémentale dans les sprints
? Participer à l'exploration continue (étude d'opportunité, cadrage) et aider à estimer l'effort et la valeur délivrée par les choix de designs éligibles pour favoriser la priorisation par le Product Owner et le Pôle Utilisateur (évolutivité, testabilité, déployabilité...)
? Suivre et faciliter la visibilité de la conformité des solutions de son périmètre par rapport à la stratégie d'entreprise
? Responsable de la documentation produit(s) en veillant à sa pertinence, fiabilité et sa cohérence avec les cadres de référence de l'architecture (processus, guides, patterns...)
 Attendu : 
Pilotage technique du projet :
-Préparation, animation et compte rendu des ateliers avec les différentes parties prenantes  tech 
-Restitution aux instances de gouvernance 
-Coordination avec le lead data science et le PO du projet, notamment pour les instances de gouvernance orientées fabrication, ou stratégiques (copil).
 
Cadrage technique : 
- Définir les solutions techniques, être garant des solutions, de la conception technique & être référent de l'équipe pour le design d'application en adressant toutes les thématiques requises (technologique, architecturale, applicative, fonctionnelle, urbanisme, performance, etc.)
-Responsabilité de la fabrication du produit Moteur de recommandation, de la MEP, prise en charge de User Story
- leadership sur les choix techniques et data science
-Préparation des dossiers de choix (technologies, techniques data-science, méthodes d'industrialisation ...)
-Participation à la construction de la roadmap des offres MLOPS et l'évolution des produits en place","
Contrat à durée indéterminée

Contrat travail
",unspecified,unspecified,unspecified,Unspecified,Débutant accepté,Contrat à durée indéterminée,True
4484519,https://candidat.pole-emploi.fr/offres/recherche/detail/4484519,2024-04-04,Offre d'emploi Data analyste informatique / Scientist (IT) / Freelance (H/F) - Ile-de-France - 4484519 | France Travail,Ile-de-France,"Contexte de la mission
La Direction DPPS (Produits et Plateformes de Services), en innovation continue, a pour rôle de concevoir, développer et déployer les nouveaux produits et service du fixe du futur. 
En tant que Data Analyst/Scientist, vous serez responsable de l?intégration, du traitement et de l?analyse des données pour aider à prendre des décisions éclairées, améliorer l'efficacité opérationnelle et la qualité de service chez nos clients.
Objectifs et livrables
Vos principales missions seront les suivantes :
- Collecter, nettoyer, analyser, mettre en forme et interpréter des données provenant de diverses sources internes et externes.
- Collaborer avec des équipes transverses pour identifier les indicateurs clés de performance (KPI) et les objectifs de l'entreprise.
- Utiliser des outils d'analyse de données et des logiciels de visualisation (tels que Excel, Python, R, Tableau, Power BI) pour traiter et analyser des ensembles de données volumineux.
- Développer et maintenir des rapports, des tableaux de bord et des visualisations de données pour faciliter le suivi des performances, leurs dérives et la prise de décision.
- Identifier les tendances, les anomalies et les opportunités d'amélioration dans les données et leurs croisements.
- Présenter les résultats de l'analyse aux parties prenantes et formuler des recommandations pour améliorer les opérations et les performances.
- Contribuer à des projets d'analyse prédictive pour anticiper les tendances et les problèmes potentiels
Pyspark - Airflow - ML - python - R - Power BI - Spark - HAdoop - SAS - Tableau
Profil candidat:
 
Votre profil :
- Diplôme en informatique, statistiques, mathématiques, ingénierie ou dans un domaine connexe.
- Expérience professionnelle en tant que Data Analyst/Sientist, de préférence dans le secteur des télécommunications.
- Solides compétences en analyse de données dans un environnement Big Data.
- Maîtrise des algorithmes de machine learning (supervisés et non supervisés)
- Maîtrise des outils et des langages de programmation pour l'analyse de données, tels que Excel, Hadoop (Hive, SQL), Python, R ou SAS,Spark, AIrflow
- Expérience avec des logiciels de visualisation de données, tels que Tableau ou Power BI.
- Excellentes compétences en communication écrite et verbale, avec la capacité de présenter des données complexes de manière claire et compréhensible.
- Capacité à travailler en équipe et à collaborer avec des collègues de divers services et niveaux hiérarchiques.
- Connaissance du secteur des télécommunications et de ses tendances, défis et réglementations:","
Profession libérale

Emploi non salarié
",unspecified,unspecified,unspecified,Unspecified,Débutant accepté,Profession libérale,True
4484335,https://candidat.pole-emploi.fr/offres/recherche/detail/4484335,2024-04-04,Offre d'emploi Data Scientist (H/F) (IT) / Freelance - 75 - 4484335 | France Travail,75,"La prestation vise à produire en premier lieu les résultats suivants :
-Elaboration de scripts efficaces d?accès aux données
-Définition, production et analyse d?éléments statistiques
-Production de restitutions de données
-Analyse de situations type de réseau (incidents par exemple)
Tant pour la définition des règles métier que pour la validation des outils dans le cadre de la recette métier, des connaissances et du savoir-faire sont requis, comme:
- forte compétence méthodologique
- autonomie
- rigueur...
Profil candidat:
Sont attendues les compétences suivantes:
Connaissance en outils de type R et/ou Python
Analyse de données
Participation à des projets de Business Intelligence
Idéalement, connaissance du domaine de l?électrotechnique, exploitation ou conduite du réseau électrique
Autonomie dans la création et l?utilisation de base de données (SQL Server, Postgre SQL)
Connaissance des environnements TERADATA, PowerBI et Excel
CDI / freelance possibles, avec 50% de télétravail.","
Contrat à durée indéterminée

Contrat travail
",unspecified,unspecified,unspecified,Unspecified,Débutant accepté,Contrat à durée indéterminée,True
4484195,https://candidat.pole-emploi.fr/offres/recherche/detail/4484195,2024-04-04,Offre d'emploi Lead Data Scientist (IT) / Freelance (H/F) - Ile-de-France - 4484195 | France Travail,Ile-de-France,"Nous recherchons pour le compte de notre client un profil senior pour le poste de Lead Data Scientist avec des projets de machine Learning sur des données structurées relationnelles. L'objectif de la mission : Construction de modèles de prévision de la demande client.
Une bonne maitrise SQL, Python est obligatoire.
Connaissance de l'environnement cloud, idéalement GCP.
Une expérience du développement logiciel agile : git, code review, CI/CD, bonnes pratiques.
Une expérience dans le secteur du retail est appréciable.
Mission de Longue durée, Démarrage dès que possible.
Profil candidat:
Lead Data Scientist senior avec une maitrise de Python et SQL. 
Connaissance de l'environnement cloud, idéalement GCP.
Une expérience dans le secteur retail serait un plus","
Contrat à durée indéterminée

Contrat travail
",unspecified,unspecified,unspecified,Unspecified,Débutant accepté,Contrat à durée indéterminée,True
4483910,https://candidat.pole-emploi.fr/offres/recherche/detail/4483910,2024-04-04,Offre d'emploi Data Scientist H/F (IT) / Freelance - 93 - MONTREUIL - 4483910 | France Travail,93 - MONTREUIL,"SIZE UP CONSULTING, marque du groupe Helpline, c?est plus de 25 années d?expérience dans le Business Desk et l?innovation IT au service des entreprises en pleine transformation digitale et une toute nouvelle stratégie concernant la Data et le DevOps.
Dans le cadre de notre croissance, nous recherchons activement un Scientist H/F.
Il aura la charge de la disponibilité et de la stabilité des différentes plateformes data avec un focus particulier sur l'asset Sparrow.
Il sera également responsable de la qualité des livrables de la population technique (développeurs, data scientist, ML engineer?).
Il travaille en étroite collaboration avec le lead data scientist et les différents leads développeurs. Ses interactions avec les équipes de production sont quotidiennes notamment par le biais  d?iOps  intégrés dans les équipes.
Composés de profils variés, il interagit avec les autres membres du Tech Office pour s'assurer de la cohérence des différents travaux.
DevOps, MLOps, Data Science, Cloud sont les moteurs de son quotidien.
Les sujets traités par l?équipe sont variés :
-?Création de librairies pour les équipes analytiques
-?Architecture des projets de l?équipe
-?Gestion des pipelines
-?Mise à disposition des outils de développement
-?Déploiement d?assets de Scoring & classification (octroi de crédit, classification d?emails, etc.)
-?Résoudre les problèmes de performances des plateformes
Votre prestation s'articule autour de:
-?Déployer les assets et d?en assurer la disponibilité sur le cloud privé de notre client
-?Builder des briques d?infrastructure, les sécuriser et les rendre disponibles aux développeurs (chaque images Docker est rebuildée from scatch)
-?Assurer la disponibilité et la pérennité de la plateforme Sparrow
-?Mettre à disposition les bonnes pratiques/librairies facilitant le quotidien des développeurs
-?Être un point de contact privilégié pour les leads dev
-?Améliorer l?observabilité des plateformes
-?Améliorer l?exploitabilité des différents services
Profil candidat:
Expérience dans la prestation de 8 ans mêlant le développement, l?infrastructure et le cloud. 
-?Connaissances en Data ou Intelligence Artificielle.
-?Orienté clients, capacité à collaborer et communiquer à l?oral et à l?écrit
-?Niveau d?anglais correct à l?écrit et à l?oral.
-?Capacité d?organisation et d?analyse","
Contrat à durée indéterminée

Contrat travail
",unspecified,unspecified,unspecified,Unspecified,Débutant accepté,Contrat à durée indéterminée,True
4483788,https://candidat.pole-emploi.fr/offres/recherche/detail/4483788,2024-04-04,Offre d'emploi Data scientist (IT) / Freelance (H/F) - 93 - PANTIN - 4483788 | France Travail,93 - PANTIN,"Notre client est spécialisé dans le conseil data, IA et innovation
Les missions : 
? Échanger avec le client pour comprendre ses enjeux et ses objectifs métiers opérationnels
? Proposer des modélisations mathématiques en regard des problématiques métiers exposées
? Implémenter les modèles mathématiques proposés (Machine Learning, Deep Learning, Économétrie, Recherche Opérationnelle, Simulation ?)
? Mesurer la performance des modèles mathématiques proposés
? Réaliser les analyses exploratoires de données pour extraire des renseignements utiles à la compréhension des problématiques métiers et aux futures modélisations
? Analyser et échanger sur les résultats des modèles
? Communiquer les résultats des modèles à tout type d?audience (aussi bien technique que non technique)
? Collaborer avec les data engineers sur les problématiques d?architecture de l?information et de déploiement de modèles
Profil candidat:
Maîtrise des concepts principaux en Statistiques
Maîtrise des concepts principaux en Machine Learning
Maîtrise de Python et de l?écosystème de base de data science associé
Très bonne technique -> Travail en équipe avec Data Engineer ou consultant ou client
Avoir effectué des projets en lien avec de la data science 
Maitrise de LLM, Optimisation, Computer vision, Dataviz
Bon communicant / autonomie / capable d?avancer lui-même / moteur dans le projet","
Profession libérale

Emploi non salarié
",unspecified,unspecified,unspecified,Unspecified,Débutant accepté,Profession libérale,True
4483649,https://candidat.pole-emploi.fr/offres/recherche/detail/4483649,2024-04-04,Offre d'emploi data scientist python - 550 max (IT) / Freelance (H/F) - 75 - 4483649 | France Travail,75,"Objectifs:
Prestation de Data Scientist expérimenté afin d'assurer le développement & suivi de projets en cours et de contribuer au cadrage des projets à venir.
 
Les tâches à réaliser sont :
- Exploration des données
- Conception d?un modèle
- Implémentation du modèle en Python / Spark
- Tests
- Documentations techniques et fonctionnelles
- Accompagnement des utilisateurs en phase pilote
 
Forte importance à la qualité du code produit(structure, lisibilité, optimisation, documentation)
 
Contexte :
Au sein de l'équipe Projet IA Business du Centre d'Expertise Data Science de la Direction Digital & Data composée de 6 data scientists dont les projets DS s'articulent autour du digital, du marketing et de la fraude.
 
Type de données utilisées :
Principalement données structurées, texte pour certains projets
 
Langages et stack de développement :
Principalement Python (Numpy, Pandas, scikit-learn...), Big Query, Spark.
Environnement cloud GCP.
Développement sous IDE et notebook.
Git.
 
Points clés :
Capacité de compréhension et d'implémentation d'articles de recherches requise
De bonnes connaissances en environnement cloud (GCP de préférence) sont recommandées.
De bonnes connaissances en développement sont recommandées.
Une expertise de mise en production de modèle est un plus (CI/CD).
 
 
ML supervisé et non supervisé
Segmentation
Séries temporelles
Factorisation de matrice / extraction de variables latentes (Analyse Factorielle, ACP, SVD, auto-encoder...)
Graphes
Profil candidat:
-expert python
-deep learning, transformers
-containerisation
-CICD/MLOPS
-GCP / Azure
-API REST
-Methodes agiles
De nombreux cas d'usage ont été identifiés par les métiers. Il s'agit d'instruire leur faisabilité, identifier les cas d'usages similaires pour potentiellement en créer un asset, et le cas échéant proposer une architecture applicative autour des développement à effectuer.","
Contrat à durée indéterminée

Contrat travail
",unspecified,unspecified,unspecified,Unspecified,Débutant accepté,Contrat à durée indéterminée,True
4483040,https://candidat.pole-emploi.fr/offres/recherche/detail/4483040,2024-04-04,Offre d'emploi data scientist (IT) / Freelance (H/F) - 92 - BOIS COLOMBES - 4483040 | France Travail,92 - BOIS COLOMBES,"En tant que Data Scientist, vous aurez pour mission :
 Rassembler, nettoyer et organiser les données provenant de différentes bases de données
 Utiliser des techniques statistiques et des outils d'analyse avancés pour explorer les données
 Concevoir, développer et mettre en ?uvre des algorithmes de machine learning et de NLP permettant de répondre au besoin. Maintenir un modèle de deep learning existant.
 Comprendre les enjeux du client et s?assurer que le modèle réponde au besoin
 Évaluer la performance des modèles en utilisant des techniques appropriées et itérer si nécessaire pour améliorer la précision et la robustesse.
 Synthétiser et communiquer les résultats des analyses et modélisations, afin de faciliter la compréhension et la prise de décision par les parties prenantes.
 Mettre en place l?industrialisation de projets ou l?amélioration de projets existants en déploiement continu. Utilisez des outils tels que Jenkins, GitLab CI/CD.
 Développer des outils transverses ou solutions basées sur l'analyse des données, notamment de visualisation et d?aide à la décision, ainsi que la surveillance continue de la qualité des données
 Développer des Api avec mise en place des mécanismes d'authentification et d'autorisation Participer activement aux projets du service
dans un contexte international, pour tous les métiers et toutes les régions du monde. 
La Mission est à effectuer à Bois Colombes.
 
Possibilité de télétravail jusqu?à trois jours par semaine à déterminer avec le CDO.
 
 
Profil candidat:
1.1 Expériences
 
 Formation école d?ingénieur ou Master 2 ou Université avec une spécialisation en Data Science.
 Expérience de 3 ans minimum dans un poste similaire en banque ou assurance.
 Expérience pratique avec des outils et des bibliothèques tels que TensorFlow, Scikit-learn, Pandas, etc
 
1.2 Compétences techniques et linguistiques requises
 
 Maîtrise des techniques statistiques et des algorithmes d'apprentissage automatique, machine learning/deep learning, analyse prédictive à partir de différentes bases de données
 Solides compétences en programmation et modélisation, notamment en Python et SQL
 Utilisation des outils tels que Jenkins, GitLab CI/CD
 Bon relationnel, capacité à communiquer efficacement des résultats complexes à un public non technique
 Goût pour les questions relatives à la data science et au monde de l?assurance
 Bonne maîtrise des outils bureautiques (Powerpoint, Excel, Word)
 Autonomie, rigueur, curiosité, motivation, bon relationnel, bonne capacité d?adaptation
 Une expérience professionnelle préalable en banque ou assurance serait un plus
 Maîtrise de l?anglais obligatoire","
Contrat à durée indéterminée

Contrat travail
",unspecified,unspecified,unspecified,Unspecified,Débutant accepté,Contrat à durée indéterminée,True
4481746,https://candidat.pole-emploi.fr/offres/recherche/detail/4481746,2024-04-04,Offre d'emploi Data Scientist - LLM (IT) / Freelance (H/F) - 75 - 4481746 | France Travail,75,"PAS DE SOUS-TRAITANCE // MERCI
Pour une mission longue durée nous recherchons un Data-Scientist LLM
Responsabilités:
Analyser et comprendre les données textuelles pour extraire des insights pertinents.
Développer des modèles de traitement du langage naturel pour la classification, l?extraction d?entités, la traduction automatique, etc.
Concevoir et mettre en ?uvre des pipelines de traitement de texte robustes.
Collaborer avec les équipes métier pour comprendre les exigences spécifiques et les objectifs.
Évaluer et améliorer en permanence les modèles existants en utilisant des techniques d?apprentissage automatique.
Compétences Requises:
Expérience significative en traitement du langage naturel, avec une expertise dans la conception et la mise en ?uvre de modèles.
Maîtrise des outils et des bibliothèques de traitement de texte (NLTK, SpaCy, TensorFlow, PyTorch, etc.).
Connaissance approfondie en apprentissage automatique et en statistiques.
Excellentes compétences en programmation (Python, Fast API).
Capacité à travailler de manière autonome et à résoudre des problèmes de manière créative.
Stack: Python, FastAPI Scikit-Learn, Pytorch, Hugging face, FLAIR, Spacy, Gensim, Flash text,","
Profession libérale

Emploi non salarié
",unspecified,unspecified,unspecified,Unspecified,Débutant accepté,Profession libérale,True
4481658,https://candidat.pole-emploi.fr/offres/recherche/detail/4481658,2024-04-04,Offre d'emploi Data Scientist - Prompt Engineer - dev Python (IT) / Freelance (H/F) - 75 - 4481658 | France Travail,75,"PAS DE SOUS-TRAITANCE // MERCI
Pour une mission longue durée nous recherchons un Data-Scientist Prompt Engineer
Mission:
-Prompt engineering sur texte - Développement en Python
-Collaborer avec l?équipe de recherche pour concevoir, développer et optimiser des prompts efficaces pour des modèles de langage.
-Exploiter différentes techniques d?ingénierie de prompts pour améliorer les performances des modèles de génération de langage.
-Participer à la recherche et au développement de méthodes avancées d?ingénierie de prompts pour répondre aux besoins spécifiques des projets.
-Analyser et évaluer les performances des modèles en utilisant des métriques appropriées.
-Collaborer avec les équipes interfonctionnelles pour intégrer les modèles de langage dans des applications réelles.
-Rester à l?affût des dernières avancées en matière de génération de langage et d?ingénierie de prompts.
Compétences Requises:
-Solide expérience en science des données, en particulier dans le domaine du traitement du langage naturel (NLP).
-Maîtrise des techniques d?ingénierie de prompts et des architectures de modèles de langage.
-Excellente maîtrise d?au moins un framework de deep learning (comme TensorFlow, PyTorch).
-Compétences avancées en programmation (Python de préférence) et en manipulation de données.
Stack: 
Python, Scikit-Learn, Pytorch, Hugging face, FLAIR, Spacy, Gensim, Flash text, FastAPI, AWS Sagemaker, MLFlow, LabelStudio, Longchain","
Profession libérale

Emploi non salarié
",unspecified,unspecified,unspecified,Unspecified,Débutant accepté,Profession libérale,True
4481601,https://candidat.pole-emploi.fr/offres/recherche/detail/4481601,2024-04-04,Offre d'emploi Data Scientist - Géomatique (IT) / Freelance (H/F) - 34 - MONTPELLIER - 4481601 | France Travail,34 - MONTPELLIER,"Notre client, un grand compte du secteur de l'énergie cherche un chargé d'étude Géomatique pour l'intégrer au sein de son pôle géomaticien. 
DESCRIPTIF DE LA MISSION
Rattaché (e) à la Direction Business Support et plus spécifiquement au Pôle Géomatique, vous participez à la prise en charge des demandes d?études faites par les différents chefs de projets et collaborateurs de notre client. Les demandes d?études vont de la manipulation des données (conversion, extraction, intégration) en passant par la production de cartographie ainsi que la réalisation d?études avancées dans le développement de projet Enr (photomontages, études de visibilité, études de danger, étude d?impact de réception TV..).
Vous participez également à l?intégration des données de projet et à leur mise à jour dans la base de données qui alimente toutes les applications métiers déployées sur ArcGIS Enterprise. 
Vous pouvez être sollicité(e) en support technique d?utilisation QGIS auprès des collaborateurs qui auront déjà suivi une formation de prise en main.
Vous travaillez également à identifier les tâches redondantes et chronophage, à non-valeur ajoutée pour le pôle et proposer la mise en place de processus et d?outils d?automatisation pour augmenter la productivité.
Profil candidat:
QUALIFICATIONS REQUISES
Licence pro ou Master à forte dominante Géomatique
Connaissances approfondies des concepts d?analyses spatiales, de gestion des données géographique.
Maîtrise des outils géomatique du marché (ArcGIS Pro, QGIS) et des extensions spatiales.
Avoir une connaissance des concepts de traitement des données et des outils d'analyse de données via ETL (FME) ou Model Builder serait un plus. 
Connaissance sur les langages de programmation (SQL, Python). Connaissance des outils DAO.
Être autonome, méthodique, et rigoureux(se). Force de proposition
Amélioration continue / Lean
Relation client.
Avoir d'excellentes compétences en communication et en travail d'équipe.
Profils junior acceptés","
Contrat à durée indéterminée

Contrat travail
",unspecified,unspecified,unspecified,Unspecified,Débutant accepté,Contrat à durée indéterminée,True
4481375,https://candidat.pole-emploi.fr/offres/recherche/detail/4481375,2024-04-04,Offre d'emploi Data Scientist IA Générative (IT) / Freelance (H/F) - 92 - NANTERRE - 4481375 | France Travail,92 - NANTERRE,"Son rôle sera :
D?accompagner / d?aider nos équipes d?AMOA dans les échanges que nous avons avec le top management métier dans la compréhension des Uses cases Métier faisant intervenir de l?IA générative.
De définir avec le métier un prototype et la méthodologie d?évaluation
De construire le prototype et de confronter les résultats du prototype aux jeux de données du métier
D?aider les équipes IT à industrialiser le prototype.
Profil candidat:
Je recherche pour un de mes clients, un Datascientist sénior ayant une forte expérience en IA générative. 
Le profil doit avoir une capacité forte de communication, de vulgarisation et de pédagogie.","
Profession libérale

Emploi non salarié
",unspecified,unspecified,unspecified,Unspecified,Débutant accepté,Profession libérale,True
4481123,https://candidat.pole-emploi.fr/offres/recherche/detail/4481123,2024-04-04,Offre d'emploi Data Scientist - NLP - MLOPS - Python (IT) / Freelance (H/F) - 75 - 4481123 | France Travail,75,"PAS DE SOUS-TRAITANCE // MERCI
Pour une mission longue durée, nous recherchons un Data scientist NLP avec bonne connaissance MLOPS (Sagemaker, Ray) + bonne capacité de dev python
Anglais important 
-Développer et mettre en ?uvre des solutions de NLP classique pour répondre aux besoins spécifiques du projet.
-Concevoir, développer et déployer des modèles de NLP sur des infrastructures cloud, en mettant en ?uvre les meilleures pratiques de MLOPS.
-Collaborer avec les équipes de développement pour intégrer les modèles de NLP dans des pipelines de production.
-Optimiser les performances des modèles et des pipelines en utilisant des techniques de MLOPS telles que Sagemaker et Ray.
-Assurer la maintenance, la surveillance et l?optimisation continue des systèmes déployés.
Expérience professionnelle significative dans le domaine du Traitement du Langage Naturel (NLP).
Maîtrise avancée du développement Python, avec une bonne compréhension des bibliothèques telles que NLTK, spaCy, gensim, etc.
Solide connaissance des concepts et des techniques de MLOPS, notamment l?utilisation de plateformes telles que Sagemaker et Ray.
Expérience pratique dans le déploiement et la gestion de modèles de NLP à grande échelle dans des environnements de production.
Compétences en communication et en travail d?équipe, avec la capacité de collaborer efficacement avec des équipes multidisciplinaires.","
Profession libérale

Emploi non salarié
",unspecified,unspecified,unspecified,Unspecified,Débutant accepté,Profession libérale,True
4480804,https://candidat.pole-emploi.fr/offres/recherche/detail/4480804,2024-04-04,Offre d'emploi consultant informatique Data Scientist/IA (IT) / Freelance (H/F) - Ile-de-France - 4480804 | France Travail,Ile-de-France,"Nous recherchons un(e) Data Scientist passionné(e) et expérimenté(e) pour rejoindre notre équipe dynamique dans le secteur de la construction (BTP). Si vous avez des compétences avérées en intelligence artificielle et une maitrise particulière sur ChatGPT, cette opportunité est pour vous.
Responsabilités :
- Concevoir, développer et déployer des modèles d?IA innovants pour résoudre des problèmes spécifiques dans le domaine de la construction.
- Analyser les données provenant de différentes sources pour extraire des insights précieux et développer des solutions prédictives.
- Collaborer étroitement avec les équipes techniques et opérationnelles pour comprendre les besoins métier et proposer des solutions adaptées.
- Exploiter les avancées technologiques dans le domaine de l?IA, y compris les dernières avancées sur ChatGPT, pour améliorer les processus et les produits.
Exigences :
- Diplôme universitaire en informatique, en sciences des données ou dans un domaine connexe.
- Expérience professionnelle significative en tant que Data Scientist avec une spécialisation en intelligence artificielle.
- Expertise dans l?utilisation de ChatGPT ou des modèles similaires pour la génération de texte.
- Solides compétences en programmation (Python, R, etc.) et en manipulation de données.
- Capacité démontrée à travailler efficacement dans un environnement multidisciplinaire et à communiquer des résultats complexes de manière claire.
Avantages :
- L?opportunité de travailler au sein d?une équipe innovante au c?ur de l?industrie de la construction.
- Développement professionnel continu avec des possibilités de formation et de croissance.
- Un environnement de travail dynamique favorisant la créativité et la collaboration.
Profil candidat:
Consultant Data Scientist/IA/Chatgpt","
Profession libérale

Emploi non salarié
",unspecified,unspecified,unspecified,Unspecified,Débutant accepté,Profession libérale,True
4480783,https://candidat.pole-emploi.fr/offres/recherche/detail/4480783,2024-04-04,Offre d'emploi Data Scientist Industriel H/F - 69 - LYON 01 - 4480783 | France Travail,69 - LYON 01,"Framatome est un leader international de l'énergie nucléaire, reconnu pour ses solutions innovantes et digitales, ses technologies à forte valeur ajoutée à destination du parc nucléaire mondial. Forte d'une expertise mondiale et de solides références en termes de fiabilité et de performances, l'entreprise conçoit, entretient et installe des composants et des combustibles ainsi que des systèmes de contrôle-commande pour les centrales nucléaires. Ses quelques 15 000 collaborateurs permettent chaque jour aux clients de Framatome de fournir un mix énergétique bas-carbone toujours plus propre, plus sûr et plus économique. Visitez-nous sur www.framatome.com et suivez-nous sur Twitter et LinkedIn.
Framatome est détenu par le Groupe EDF (75, 5 %), Mitsubishi Heavy Industries (MHI - 19, 5 %) et Assystem (5 %).
Directement rattaché(e) à la Direction des SI du groupe, vous aurez en charge les missions suivantes :
Contribuer directement à la Stratégie Data du Groupe et à son déploiement, au service de l'amélioration de la Qualité et de la Performance
Être en interface avec les  clients  internes, pour identifier les opportunités d'amélioration des procédés industriels (soudage, assemblage, métallurgie, conception et production électronique, maintenance prédictive)
Piloter des projets de transformation digitale, en faisant appel aux meilleures techniques disponibles d'analyse et de traitement des données (régression, séries temporelles, modèles probabilistes, apprentissage supervisé et non-supervisé, deep learning)
Communiquer efficacement au travers de la visualisation des données, des tableaux de bord interactifs, et pour faciliter la prise de décision
Collaborer au sein du réseau des Data Scientists, et contribuer à l'accroissement continu des compétences en Data Science.
Vous êtes au minimum diplômé(e) d'un master en Mathématiques Appliquées / Data Science ou d'un diplôme d'ingénieur.
Vous disposez de très bonnes bases mathématiques (algèbre linéaire, probabilités et statistiques) et d'une très bonne connaissance des techniques de Data Science.
Vous avez une expérience réussie dans le domaine industriel.
Vous comprenez les limites de ces techniques et savez comment les modifier ou les dériver pour obtenir des résultats robustes.
Vous disposez d'une bonne connaissance du langage de développement Python.
Vous savez faire preuve d'une grande autonomie, d'une bonne organisation et d'esprit d'initiative.
Vous savez coordonner des actions transverses, naviguer au sein d'une organisation mondiale et aimez travailler en équipe. Vous avez le désir de résoudre des problèmes difficiles en équipe et de contribuer à développer un environnement inclusif et intellectuellement stimulant.
Capable d'écoute, pragmatique et tenace, vous avez l'ambition nécessaire pour incarner la vision de transformation du groupe, et être celui qui en fera un  role model  mondial dans le secteur des services nucléaire et au-delà.
Par vos qualités professionnelles et interpersonnelles, vous êtes également capable de devenir le  thought partner  de choix des membres des comités de direction des sites industriels","
Contrat à durée indéterminée

Contrat travail
",unspecified,unspecified,unspecified,Unspecified,Débutant accepté,Contrat à durée indéterminée,True
4498799,https://candidat.pole-emploi.fr/offres/recherche/detail/4498799,2024-04-04,Offre d'emploi Consultant Débutant Data Analyst en Financement F/H (H/F) - 92 - COURBEVOIE - 4498799 | France Travail,92 - COURBEVOIE,"Vos challenges
En collaboration avec l'équipe restructuring, vous avez envie de :
 * Faire un double parcours : Analyste financier / Data Scientist
 * Apporter un éclairage nouveau sur la performance du portefeuille à financer
 * Mener des analyses prédictives sur les données retraitées
 * Dynamiser nos échanges avec les clients, notamment utiliser la Data Visualisation pour explorer le résultat des analyses
 * Accompagner les équipes dans le développement d'analyses automatisées
 * Générer des opportunités d'analyses stratégiques et de nouveaux services autour de la donnée et du digital pour nos clients","
Contrat à durée indéterminée

Contrat travail
",unspecified,unspecified,unspecified,Kpmg,Débutant accepté,Contrat à durée indéterminée,True
4487694,https://candidat.pole-emploi.fr/offres/recherche/detail/4487694,2024-04-04,Offre d'emploi Data analyste informatique senior (H-F) (IT) / Freelance (H/F) - 74 - ANNECY - 4487694 | France Travail,74 - ANNECY,"Nous recherchons un Data analyst/ Gestionnaire Data pour renforcer nos équipes.
Allez, on vous en dit plus !
Voici les missions qui vous seront confiées :
Prise en charge et traitement des demandes de services liés aux statistiques à chaud et à froid du projetCommunication auprès des équipes projet interne e des équipes clientes Travailler en étroite collaboration avec l'éditeur pour répondre au mieux et au plus vite aux demandesFournir des rapports réguliers sur la performance fonctionnelle DATA Accompagner dans la prise en main des tableaux de bords Décisionnels et orienter les choix des utilisateurs Attendu : 
Ateliers de travail et accompagnementGestion de la relation Documentation complète des procédures Collaboration efficace avec les équipes techniques et les responsables du service Pilotage
 Et si on parlait de vous ?
Vous êtes titulaire d'une formation supérieure en informatique, vous avez une expérience réussie en tant que Data Analyst.
Vous maitrisez Microstrategy et SID.
Vous avez une aisance relationnelle qui facilite vos échanges internes comme externes. Vous avez un sens du client marqué.
Vous avez pleins d'autres qualités, on a hâte de voir ça !
Notre processus de recrutement : En 4 étapes ! Tout simplement
1. Dans un premier temps, vous échangerez avec l'un/e d'entre nous 
2. Puis, nous aurons le plaisir de nous rencontrer lors d'un entretien sur site ou Teams 
3. Pour finir, discutez métiers avec l'un de nos managers opérationnels
4. Bienvenue chez nous !
Ce poste vous intéresse ? Place à l'action : postulez ou partagez avec votre réseau !
 
 Microstrategy SID","
Profession libérale

Emploi non salarié
",unspecified,unspecified,unspecified,Unspecified,Expérience exigée,Profession libérale,False
4487649,https://candidat.pole-emploi.fr/offres/recherche/detail/4487649,2024-04-04,Offre d'emploi DATA analyste informatique (VERIFIER BUDGET AVANT ENVOI CV) (IT) / Freelance (H/F) - 91 - MASSY - 4487649 | France Travail,91 - MASSY,"SQL/LOOKER STUDIO IMPERATIF
- Définition d?un dictionnaire des données :
- Réalisation de Dashboard d?activité :
- Recette
- Définition de la Gouvernance des données / l?amélioration continue :
 Définir et formaliser la gouvernance liée à la donnée (rôles et responsabilités, instance, modalités RUN)
 Définir et formaliser les modalités d?analyse de la donnée dans le cadre de l?amélioration continue
 Définir le format de communication, les procédures et les étapes d?acculturation des parties prenantes à la data
- Interopérabilité :
 Garantir la sécurité des systèmes d?information et la cohérence de l?architecture des systèmes d?information.
 Gérer les éventuelles adhérences avec les prestataires et suivre les écarts entre les niveaux de service attendus et observés
 Propager les données dans l?ensemble des outils de la chaîne de traitement
 Mettre en place un monitoring de la performance et de la disponibilité / SLA des données, et les processus de retraitement en cas d?incident.
- Autres activités (lié au projet) : chiffrage, planning, livrable, communication, consolidation de reporting projet, préparation et animation de comités, formalisation de comptes-rendus, identification et remontée d?alertes, suivi des actions et livrables","
Contrat à durée indéterminée

Contrat travail
",unspecified,unspecified,unspecified,Unspecified,Débutant accepté,Contrat à durée indéterminée,True
4487521,https://candidat.pole-emploi.fr/offres/recherche/detail/4487521,2024-04-04,"Offre d'emploi Un Data analyste informatique (Azure Databricks, Synapse, Power BI, Python, Pyspark) Sur Lyon /2j TT (IT) / Freelance (H/F) - 69 - 4487521 | France Travail",69,"Smarteo recherche pour l'un de ses clients, Un Data Analyst (Azure Databricks, Synapse, Power BI, Python, Pyspark) Sur Lyon /2j TT 
 
 Description: 
 projet autour de la gouvernance & la qualité de la donnée d'un client industriel 
 
 stack technologique : Azure Databricks, Synapse, PowerBI, Python 
 
 Si vous êtes disponible intéressé, merci de me faire parvenir votre TJM ainsi que votre CV à jours en format word.
Smarteo recherche pour l'un de ses clients, Un Data Analyst (Azure Databricks, Synapse, Power BI, Python, Pyspark) Sur Lyon /2j TT 
 
 Description: 
 projet autour de la gouvernance & la qualité de la donnée d'un client industriel 
 
 stack technologique : Azure Databricks, Synapse, PowerBI, Python 
 
 Si vous êtes disponible intéressé, merci de me faire parvenir votre TJM ainsi que votre CV à jours en format word.
Profil candidat:
Smarteo recherche pour l'un de ses clients, Un Data Analyst (Azure Databricks, Synapse, Power BI, Python, Pyspark) Sur Lyon /2j TT 
 
 Description: 
 projet autour de la gouvernance & la qualité de la donnée d'un client industriel 
 
 stack technologique : Azure Databricks, Synapse, PowerBI, Python 
 
 Si vous êtes disponible intéressé, merci de me faire parvenir votre TJM ainsi que votre CV à jours en format word.","
Profession libérale

Emploi non salarié
",unspecified,unspecified,unspecified,Unspecified,Débutant accepté,Profession libérale,True
4487500,https://candidat.pole-emploi.fr/offres/recherche/detail/4487500,2024-04-04,Offre d'emploi Data analyste informatique (H/F) (IT) / Freelance - 69 - 4487500 | France Travail,69,"Basée à Lille, Lyon, Nantes, Grenoble et Bruxelles, Insitoo Freelances est une société du groupe Insitoo, spécialisée dans le placement et le sourcing des Freelances IT et Métier. Depuis 2007, Insitoo Freelances a su s?imposer comme une référence en matière de freelancing par son expertise dans l?IT et ses valeurs de transparence et de proximité. Actuellement, afin de répondre aux besoins de nos clients, nous recherchons un Data Analyst (H/F) à Lyon, Auvergne-Rhône-Alpes, France.
Contexte :
Les missions attendues par le Data Analyst (H/F) :
Descriptif de la mission :
Recueillir et analyser les besoins fonctionnels et techniques
Optimiser les procédures de collecte de la donnée
Extraire puis exploiter des données pour en faire des tableaux de bords
Définir des indicateurs de performance
Accompagner et conseiller la Direction
COMPETENCES TECHNIQUES 
Azure Databricks, Synapse, PowerBI, Python
COMPETENCES HUMAINES 
Minutieux
Rigoureux
Autonome
esprit d?analyse
Profil candidat:
Compétences techniques et fonctionnelles attendues :
- Azure Databricks - Confirmé - Indispensable
Recueillir et analyser les besoins fonctionnels et techniques
Optimiser les procédures de collecte de la donnée
Extraire puis exploiter des données pour en faire des tableaux de bords
Définir des indicateurs de performance
Accompagner et conseiller la Direction
COMPETENCES TECHNIQUES 
Azure Databricks, Synapse, PowerBI, Python
COMPETENCES HUMAINES 
Minutieux
Rigoureux
Autonome
esprit d?analyse","
Profession libérale

Emploi non salarié
",unspecified,unspecified,unspecified,Unspecified,Débutant accepté,Profession libérale,True
4487463,https://candidat.pole-emploi.fr/offres/recherche/detail/4487463,2024-04-04,Offre d'emploi Data analyste informatique (IT) / Freelance (H/F) - 75 - 4487463 | France Travail,75,"Pour information, le pole data gouvernance et qualité des données est en charge : 
de piloter les projets structurants data : Pilotage et Qualité des données solvabilité 2, outils de gouvernance et qualité de données, Référentiel de données clients, réalisation d'outils de contrôle, suivi et pilotage 
de gérer, contribuer et suivre les actions de qualité de données et d?accès aux données : structuration/organisation des données, développement de contrôles data et indicateurs 
de contribuer à la construction des socles documentaires : glossaire métier, data catalogues 
d?animer la communauté data composée dedata stewards et Business data analyste situés tant dans le métier qu?à l?informatique ?de définir des guidelines de gouvernance et qualités de données et suivre leur mise en ?uvre sur les périmètres à fort enjeux data
Profil candidat:
- Forte orientation delivery / qualité des livrables 
Bonne relations interpersonnelles, recherche de consensus 
Connaissance du secteur de l'assurance en particulier de la gestion déléguée 
Dispose de forte compétence data / data gouvernance (data management, data control, data architecture/modélisation) 
capacité à forer la donnée et à l'analyser pour faire ressortir les points d'attention
 Conception d'indicateurs de qualité de données, de suivi et de pilotage 
Maitrise d'outil de BI (ex Qlick, PowerBi...) 
Maîtrise de Power Apps Le consultant doit intervenir auprès d?acteurs métiers et DSI (MH Tech)","
Profession libérale

Emploi non salarié
",unspecified,unspecified,unspecified,Unspecified,Débutant accepté,Profession libérale,True
4487375,https://candidat.pole-emploi.fr/offres/recherche/detail/4487375,2024-04-04,Offre d'emploi data analyste informatique - 500 max (IT) / Freelance (H/F) - 92 - PUTEAUX - 4487375 | France Travail,92 - PUTEAUX,"Dans le domaine DATA de la DSI, au sein de la Squad ""Entrepot et compte client"",nous cherchons le/la Data Analyste de la squad.
La squad a la responsabilité de l'application Compte Client (développée en externe sous Oracle PBCS), d'une Application de ventilation de données (en interne techno React/Azure), l'entrepot des collectives (Datawarehouse Oracle contenant tout l'historique des données des collectives depuis 20 ans), et participe aux projets BigData gérés dans le domaine.
Tous les développements sont réalisés en mode Agile ScrumBan
Profil candidat:
Le/la Data Analyste devra être capable de :
- Rédiger des spécifications techniques (flux & ETL )
- Rédiger des User Story
- Faire des études d'impacts sur les modèles de données
- Maitriser le SQL avancé sur un gros volume de données
- Faire le linéage de données
- Effectuer du data mapping avancé
- Échanger avec les équipes ETL au Portugal (en anglais)
- Effectuer la recette des flux
Pour cela il/elle doit avoir les compétences suivantes :
SQL, Xls, Powerpoint, EssBase ou PBCS, Agile, WPS, PowerBI
Dans une moindre mesure
Databricks, python","
Contrat à durée indéterminée

Contrat travail
",unspecified,unspecified,unspecified,Unspecified,Débutant accepté,Contrat à durée indéterminée,True
4485603,https://candidat.pole-emploi.fr/offres/recherche/detail/4485603,2024-04-04,Offre d'emploi Data analyste informatique (IT) / Freelance (H/F) - Ile-de-France - 4485603 | France Travail,Ile-de-France,"Il devra également rapporter au responsable de la direction sur la tenue du planning du projet aux bornes de l?équipe mais également de remonter les informations au pilotage global du projet au niveau de la DSI Corporate. Il devra participer aux réunions concernant le projet et informer le CODIR.
 
Expertises spécifiques :
Maitrise de SAS et de WPS.
Une expérience Alteryx et/ou Easymorph.
Capacité de coordination d?équipe, de reporting
Esprit de synthèse et bon niveau d?organisation.
Bon relationnel, leadership
 
Profil candidat:
Il devra également rapporter au responsable de la direction sur la tenue du planning du projet aux bornes de l?équipe mais également de remonter les informations au pilotage global du projet au niveau de la DSI Corporate. Il devra participer aux réunions concernant le projet et informer le CODIR.
 
Expertises spécifiques :
Maitrise de SAS et de WPS.
Une expérience Alteryx et/ou Easymorph.
Capacité de coordination d?équipe, de reporting
Esprit de synthèse et bon niveau d?organisation.
Bon relationnel, leadership","
Profession libérale

Emploi non salarié
",unspecified,unspecified,unspecified,Unspecified,Débutant accepté,Profession libérale,True
4485542,https://candidat.pole-emploi.fr/offres/recherche/detail/4485542,2024-04-04,Offre d'emploi Data analyste informatique - Recouvrement / Risque de crédit (IT) / Freelance (H/F) - 59 - LILLE - 4485542 | France Travail,59 - LILLE,"Notre client, expert en solutions de paiement et services financiers innovants, recherche un Data Analyst (H/F) dans le cadre d'une longue mission.
Sujet de la mission : Vous renforcez l'équipe recouvrement par l'analyse des données pour optimiser les stratégies et améliorer les performances.
Tâches et activités de la mission :
Analyser et proposer des modifications des stratégies de recouvrement.
Concevoir et mettre en ?uvre des actions ciblées pour améliorer les performances de recouvrement.
Mission de 3 mois renouvelable.
Profil candidat:
Expertise risque de crédit et/ou spécifiquement recouvrement
Expérience en tant que Data Analyst
Poste basé près de Lille
Télétravail: au moins 2 jours sur site par semaine","
Profession libérale

Emploi non salarié
",unspecified,unspecified,unspecified,Unspecified,Débutant accepté,Profession libérale,True
4485467,https://candidat.pole-emploi.fr/offres/recherche/detail/4485467,2024-04-04,Offre d'emploi Senior Data analyste informatique Logistique  croix (IT) / Freelance (H/F) - 59 - CROIX - 4485467 | France Travail,59 - CROIX,"Au sein du domaine de la Value Chain et rattaché aux équipes Data, les data analystes accompagnent les métiers de notre client dans l?utilisation et la valorisation de leur data participant ainsi à la création de la valeur au quotidien. L?un de ces domaines concerne l?optimisation des transports et de la logistique. Nous recherchons un data analyste senior sur ce domaine qui aura pour mission l?analyse de l?évolution des indicateurs liés à la promesse d?expédition (B2C/B2B), la performance de nos process métiers, des études de faisabilité sur la mécanisation de nos entrepôts?
Profil candidat:
Tu t?investis auprès des interlocuteurs métier et sur le terrain opérationnel afin de comprendre au mieux la problématique sur laquelle tu travailles. Tu imagines les solutions Data correspondantes en étant force de proposition et en respectant leurs contraintes et avec une bonne connaissance des analyses et outils existants.
Tu identifies les données nécessaires à ton étude, tu t?assures de leur qualité et fiabilité. Tu effectues le nettoyage et la préparation préalables à l?application des méthodes statistiques et analytiques que tu auras choisi.
NB : Tu respectes et promeus le cadre éthique de l?utilisation des données à caractère personnel.
Tu développes et documentes tes analyses (data sourcing, hypothèses et méthodes analytiques) dans une logique Lean & Agile en respectant les standards appliqués au sein des équipes data analyses de Decathlon. Tu assures le monitoring des analyses existantes, anticipes les impacts et organises le support.
Tu rends disponible les résultats de tes analyses via des interfaces simples et user friendly. (maitrise de Tableau Software importante). Tu les accompagnes dans l?usage de celles-ci et dans l?application opérationnelle de tes études.
Tu sais construire des dashboard efficient et user friendly
Tes livrables seront :
Des analyses de qualité, compréhensible par le métier
Des dashboards user-frendly
Une documentation claire et exhaustive
Une bonne capacité de travailler dans un environnement agile
Qualité du code
Partage des connaissances
Tu es
Curieux
Bon communiquant
Autonome","
Contrat à durée indéterminée

Contrat travail
",unspecified,unspecified,unspecified,Unspecified,Débutant accepté,Contrat à durée indéterminée,True
4485367,https://candidat.pole-emploi.fr/offres/recherche/detail/4485367,2024-04-04,Offre d'emploi Data analyste informatique - Moyens de paiement (IT) / Freelance (H/F) - 75 - 4485367 | France Travail,75,"Le département ""Lutte contre la fraude moyens de paiement"" (LCLF) de notre client, une banque majeure, recherche un Data Analyst Senior (H/F) dans le cadre d'une longue mission.
La squad data LCLF / déclaratif est une équipe de 8 personnes au sein de l?écosystème data des moyens de paiements en charge :
- d?alimenter les équipes métiers en données de paiement et données client permettant de mener les analyses et d?écrire les règles de lutte contre la fraude, 
- de générer et diffuser des reportings et des états Power BI aux équipes métiers LCLF et aux établissements du Groupe, 
- d?assister les équipes d?analystes fraude et les équipes projets LCLF dans leurs missions,
- de produire des reportings à l?attention des régulateurs nationaux et européens
Dans ce cadre, les missions du data analyst sont :
- procéder à la migration des calculs existants depuis l?outil AMADEA/Statmining vers Google Cloud Platform (langage SQL)
- travailler en relation étroite avec le dataviz pour alimenter et automatiser l?ensemble des reporting depuis Google Cloud Platform
- assister les équipes projets dans leurs besoins de données
- assister les équipes d?analystes LCLF dans leurs études
- réaliser des études data à la demandes des métiers, 
- être force de proposition sur les méthodes / techniques à mettre en place pour répondre aux demandes d?études
- accompagner les utilisateurs sur la prise en main de Power BI et sur le fonctionnement des requêtes développées pour leurs besoins
Profil candidat:
Plus de 9 ans d'expérience en tant que Data Analyst
Expérience en Support utilisateur
Connaissance des Méthodologies : Scrum, Kanban, SAFe
Compétences métiers en moyens de paiements ou Lutte contre la Fraude appréciées
Mission de 4 mois renouvelables, basée à proximité de Paris
2 jours de TT /semaine","
Profession libérale

Emploi non salarié
",unspecified,unspecified,unspecified,Unspecified,Débutant accepté,Profession libérale,True
4485297,https://candidat.pole-emploi.fr/offres/recherche/detail/4485297,2024-04-04,Offre d'emploi Freelance - Data analyste informatique H/F (IT) / Freelance - 92 - PUTEAUX - 4485297 | France Travail,92 - PUTEAUX,"Contexte : 
Le contexte de la mission est la mise en place d?un DataLake dans le cadre d?un programme de transformation du SI France, en se concentrant sur les besoins spécifiques du Métier Affinitaire. Cette initiative vise à optimiser la gestion des données, améliorer la qualité, et répondre aux usages data des métiers de l?Assurance Affinitaire au fil de l?avancement du programme. 
Missions : 
1- Qualification des Sources de Données :
 Analyser les différentes sources de données du Métier Affinitaire.
 Comprendre les modèles de données associés à chaque source.
 Évaluer et améliorer la qualité des données.
2- Expression des Besoins DATA des Métiers Assurance Affinitaire :
 Organiser des ateliers avec les parties prenantes pour définir les usages data.
 Documenter clairement les besoins métiers en termes de mise à disposition de la donnée, de reportings et de flux opérationnels.
3- Modélisation des Objets Métiers au Sein du DataLake :
 Participer à la conception et à la modélisation des objets métiers dans le DataLake.
 Spécifier les transformations nécessaires pour optimiser l?intégration des données.
4- Spécification des usages Data :
 Exprimer de manière détaillée les besoins data, y compris les formats, modèles, et transformations nécessaires.
 Collaborer avec l?équipe de développement pour assurer la mise en ?uvre conforme.
5- Suivi de la Réalisation :
 Accompagner une équipe de développeurs dans la création et l?implémentation des objets métiers.
 Assurer la cohérence et l?intégrité des données dans le DataLake.
6- Réalisation de Reports et Data Viz avec Power BI :
 Concevoir et développer des rapports interactifs répondant aux besoins métiers.
 Créer des data visualizations efficaces en utilisant Power BI.
Hard skills : 
 Connaissance des technologies DataLake (Azure Data Lake).
 Compétences avancées en SQL et en langages de script (Python, R).
 Expérience approfondie avec Power BI pour la création de rapports et data visualizations.
 Compréhension approfondie des concepts de modélisation de données Assurance.
 Expérience dans au moins un projet AGILE
Soft skills : 
 Excellentes compétences en communication, y compris en anglais, pour interagir avec les 
parties prenantes Métier et les développeurs.
 Capacité à travailler de manière autonome et en équipe dans un contexte de 
transformation
 Aptitude à résoudre des problèmes complexes et à prendre des décisions informées","
Profession libérale

Emploi non salarié
",unspecified,unspecified,unspecified,Unspecified,Débutant accepté,Profession libérale,True
4485290,https://candidat.pole-emploi.fr/offres/recherche/detail/4485290,2024-04-04,Offre d'emploi Data analyste informatique Banque Power B.I SQL (IT) / Freelance (H/F) - 75 - 4485290 | France Travail,75,"Description de poste :
 Description de poste :
 
La mission se déroule au sein de l'IT Global Trade dans l'équipe Data & Business intelligence.
L'équipe est en charge de développer un datalake (Global Trade Lake) pour les métiers du Trade et du Cash
La mission se déroule au sein de l'IT Global Trade dans l'équipe Data & Business intelligence.
L'équipe est en charge de développer un datalake (Global Trade Lake) pour les métiers du Trade et du Cash
 
En tant que Data Analyst, vous aurez pour missions principales de:
 
- Participer à la migration des données de l'infocentre (oracle) vers le datalake (Hadoop)
- Alimenter le datalake avec de nouvelles sources de données
- Modéliser les données à ingérer en anticipant les différents besoins d?usages de la donnée.
- Spécifier les ingestions de données et les besoins en dashboarding exprimés par le métier
- Tester les ingestions de données et les dashboard
- Concevoir et mettre en place des dashboard PowerBi en prenant en compte la user expérience
- Suivre la qualité de notre production
- Créer et maintenir des relations de confiance avec nos métiers
- Participer à la mise en place et au bon suivi de la gouvernance de la donnée.
Profil candidat:
Expertises
- Forte Expérience en modélisation de données
- Maîtrise du SQL
- Maîtrise de PowerBi
- Pratique de l'agilité (Scrum)
En tant que Data Analyst, vous aurez pour missions principales de:
 
- Participer à la migration des données de l'infocentre (oracle) vers le datalake (Hadoop)
- Alimenter le datalake avec de nouvelles sources de données
- Modéliser les données à ingérer en anticipant les différents besoins d?usages de la donnée.
- Spécifier les ingestions de données et les besoins en dashboarding exprimés par le métier
- Tester les ingestions de données et les dashboard
- Concevoir et mettre en place des dashboard PowerBi en prenant en compte la user expérience
- Suivre la qualité de notre production
- Créer et maintenir des relations de confiance avec nos métiers
- Participer à la mise en place et au bon suivi de la gouvernance de la donnée.","
Profession libérale

Emploi non salarié
",unspecified,unspecified,unspecified,Unspecified,Débutant accepté,Profession libérale,True
4484887,https://candidat.pole-emploi.fr/offres/recherche/detail/4484887,2024-04-04,Offre d'emploi Data analyste informatique (IT) / Freelance (H/F) - 75 - 4484887 | France Travail,75,"Vous interviendrez chez nos clients et avec l?appui de collaborateurs Data, en travaillant à la mise en place d?outils de BI reporting, pour une optimisation des performances business, de valorisation des données clients en insights pour une meilleure prise de décision, ou d?analytique prédictif pour une identification des poches de croissance.
Pour cela, vous travaillerez étroitement avec les parties prenantes :
 Sur la compréhension fonctionnelle de leurs projets, au travers d?ateliers de spécification, mais aussi d?itérations successives sur les analyses menées
 Vous mènerez des études basées sur la data afin de concevoir, proposer et présenter les meilleures solutions pour mener à bien leurs projets et faciliter la prise de décision
 Vous développerez avec méthode et documentation ces projets, jusqu?à leur industrialisation opérationnelle et le support nécessaire à la vie du produit
 En interne, vous contribuerez à la veille collective et à l?émulation commune, lors de nos journées de partage, à la rédaction d?articles, ou à la participation à des projets internes.
 Vous parlez anglais couramment
 Data visualisation : Vous avez eu une expérience sur une ou plusieurs des solutions de data visualisation suivantes : PowerBI, Looker Studio, Tableau
 Web Analytics : vous avez eu une expérience avec un outil de Web Analytics (Google Analytics 4, Adobe Analytics?) et idéalement avec un outil de Tag Management System (Google Tag Manager, Matomo, Tealium?)
 Cloud : Vous avez idéalement une connaissance des provider(s) cloud et sa/leur stack data : AWS (S3, Glue, ?), GCP (Cloud Storage, Big Query, Cloud SQL, ?), Azure (ADLS, Synapse, Stream Analytics)
 Coding : SQL, Python, Dax (PowerBI)
 Vous êtes intéressé(e) par les sujets autour de l?IA : Large Language Models (LLM), modèles de prédiction, impacts sociétaux et environnementaux
Profil candidat:
Vous interviendrez chez nos clients et avec l?appui de collaborateurs Data, en travaillant à la mise en place d?outils de BI reporting, pour une optimisation des performances business, de valorisation des données clients en insights pour une meilleure prise de décision, ou d?analytique prédictif pour une identification des poches de croissance.
Pour cela, vous travaillerez étroitement avec les parties prenantes :
 Sur la compréhension fonctionnelle de leurs projets, au travers d?ateliers de spécification, mais aussi d?itérations successives sur les analyses menées
 Vous mènerez des études basées sur la data afin de concevoir, proposer et présenter les meilleures solutions pour mener à bien leurs projets et faciliter la prise de décision
 Vous développerez avec méthode et documentation ces projets, jusqu?à leur industrialisation opérationnelle et le support nécessaire à la vie du produit
 En interne, vous contribuerez à la veille collective et à l?émulation commune, lors de nos journées de partage, à la rédaction d?articles, ou à la participation à des projets internes.
 Vous parlez anglais couramment
 Data visualisation : Vous avez eu une expérience sur une ou plusieurs des solutions de data visualisation suivantes : PowerBI, Looker Studio, Tableau
 Web Analytics : vous avez eu une expérience avec un outil de Web Analytics (Google Analytics 4, Adobe Analytics?) et idéalement avec un outil de Tag Management System (Google Tag Manager, Matomo, Tealium?)
 Cloud : Vous avez idéalement une connaissance des provider(s) cloud et sa/leur stack data : AWS (S3, Glue, ?), GCP (Cloud Storage, Big Query, Cloud SQL, ?), Azure (ADLS, Synapse, Stream Analytics)
 Coding : SQL, Python, Dax (PowerBI)
 Vous êtes intéressé(e) par les sujets autour de l?IA : Large Language Models (LLM), modèles de prédiction, impacts sociétaux et environnementaux","
Profession libérale

Emploi non salarié
",unspecified,unspecified,unspecified,Unspecified,Débutant accepté,Profession libérale,True
4484718,https://candidat.pole-emploi.fr/offres/recherche/detail/4484718,2024-04-04,Offre d'emploi Data analyste informatiquee Supply Chain sur IDF / 91 avec 2 jours de télétravail (IT) / Freelance (H/F) - 91 - Essonne - 4484718 | France Travail,91 - Essonne,"Smarteo recherche pour l'un de ses clients, Un Data Analyste Supply Chain sur IDF/91 avec 2 jours de télétravail. 
 
 Si vous êtes intéressé, merci de me faire parvenir votre TJM ainsi que votre cv à jour en format Word.
Smarteo recherche pour l'un de ses clients, Un Data Analyste Supply Chain sur IDF/91 avec 2 jours de télétravail. 
 
 Si vous êtes intéressé, merci de me faire parvenir votre TJM ainsi que votre cv à jour en format Word.
Smarteo recherche pour l'un de ses clients, Un Data Analyste Supply Chain sur IDF/91 avec 2 jours de télétravail. 
 
 Si vous êtes intéressé, merci de me faire parvenir votre TJM ainsi que votre cv à jour en format Word.
Profil candidat:
Smarteo recherche pour l'un de ses clients, Un Data Analyste Supply Chain sur IDF/91 avec 2 jours de télétravail. 
 
 Si vous êtes intéressé, merci de me faire parvenir votre TJM ainsi que votre cv à jour en format Word.
Smarteo recherche pour l'un de ses clients, Un Data Analyste Supply Chain sur IDF/91 avec 2 jours de télétravail. 
 
 Si vous êtes intéressé, merci de me faire parvenir votre TJM ainsi que votre cv à jour en format Word.
Smarteo recherche pour l'un de ses clients, Un Data Analyste Supply Chain sur IDF/91 avec 2 jours de télétravail. 
 
 Si vous êtes intéressé, merci de me faire parvenir votre TJM ainsi que votre cv à jour en format Word.","
Profession libérale

Emploi non salarié
",unspecified,unspecified,unspecified,Unspecified,Débutant accepté,Profession libérale,True
4484149,https://candidat.pole-emploi.fr/offres/recherche/detail/4484149,2024-04-04,Offre d'emploi Data analyste informatique (IT) / Freelance (H/F) - 59 - LILLE - 4484149 | France Travail,59 - LILLE,"Je recherche un Data Analyst pour la création et l'amélioration continue des produits digitaux Eco-responble et sociaux du client du client. 
- La personne fournit un appui analytique à la conduite d'exploration et à l'analyse complexe de données
- La personne crée des algorithmes de recherche de données qui permettent d'explorer les données utiles.
- La personne procède aussi à l'industrialisation du procédé pour les données les plus intéressantes. Et organise, synthétise et traduit les informations pour faciliter la prise de
décision.
- La personne gère les opérations et l'administration, la modélisation et l'architecture des gisements de données. Et s'assure que les bases de données existantes fonctionnent bien et en cohérence.
Vous aurez une dominance Data Analyst mais des compétences de Data Engineer sont également attendues
- Collecter les données
- Mesurer la qualité des données
- Créer des modèles optimisés
- Créer des dashboards pour répondre aux besoins métiers
Profil candidat:
Mettre en oeuvre des outils informatiques, des techniques et des méthodes statistiques pour permettre d'organiser, synthétiser et traduire efficacement des données.
Environnement technique sur lesquels une expérience significative est attendue et non une première formation
- PowerBI Gen 2
- BigQuery
- Looker est un plus","
Profession libérale

Emploi non salarié
",unspecified,unspecified,unspecified,Unspecified,Débutant accepté,Profession libérale,True
4483941,https://candidat.pole-emploi.fr/offres/recherche/detail/4483941,2024-04-04,Offre d'emploi DATA analyste informatique/POWER BI/ASSURANCE (IT) / Freelance (H/F) - Ile-de-France - 4483941 | France Travail,Ile-de-France,"Le contexte de la mission est la mise en place d'un DataLake dans le cadre d?un programme de transformation du SI Client
Principales tâches :
Qualification des Sources de Données : 
Expression des Besoins DATA des Métiers Assurance : Organiser des ateliers avec les parties prenantes pour définir les usages data
Modélisation des Objets Métiers au Sein du DataLake : Participer à la conception et à la modélisation des objets métiers dans le DataLak
Spécification des usages Data :
Suivi de la Réalisation : Accompagner une équipe de développeurs dans la création et l'implémentation des objets métiers. 
Réalisation de Reports et Data Viz avec Power BI
Profil candidat:
Connaissance des technologies DataLake (Azure Data Lake). 
Compétences avancées en SQL et en langages de script (Python, R). 
Expérience approfondie avec Power BI pour la création de rapports et data visualisations. 
Expérience dans au moins un projet AGILE","
Contrat à durée indéterminée

Contrat travail
",unspecified,unspecified,unspecified,Unspecified,Débutant accepté,Contrat à durée indéterminée,True
4483811,https://candidat.pole-emploi.fr/offres/recherche/detail/4483811,2024-04-04,Offre d'emploi Data Analyst Sénior F/H (H/F) - 59 - VILLENEUVE D ASCQ - 4483811 | France Travail,59 - VILLENEUVE D ASCQ,"Rejoindre Auchan Retail France, cest rejoindre une entreprise en mouvement qui agit au quotidien pour réinventer le métier de commerçant en mêlant digital et magasin physique pour une expérience client inédite et incomparable. Nous nous appuyons sur nos valeurs de confiance, douverture et dexcellence pour vous proposer des expériences authentiques dans un environnement bienveillant. Fort de nos différents concepts (e-commerce, hypermarché, supermarché, magasin de proximité, drive) et soutenus par lexpertise des services dappui, nous vous accompagnons dans le développement de vos compétences et vous permettons de réaliser vos projets. Avec plus de 400 métiers, il y en a forcément un fait pour vous ! Retrouvez nos offres en CDI, CDD, stage et alternance ! 
Nous sommes Auchan Retail France, une entreprise de distribution de plus de 50 000 collaborateurs au service de millions de clients chaque année.Ce que nous voulons, cest aider nos clients à bien manger et vivre mieux, tout en préservant la planète.Que lon soit en entrepôt, en magasin ou sur des fonctions support, notre point commun à tous, cest de faire en sorte que nos clients aient plaisir à faire leurs courses chez nous.Parce que nos collaborateurs sont aussi nos premiers clients, nous veillons chaque jour à leur bien-être et leur évolution professionnelle.Ensemble, nous améliorons le quotidien !Vous avez envie deRéaliser des études stratégiques, en conduisant des analyses de données stratégiques pour générer des insights pertinents sur les clients et les produits, en contribuant ainsi aux décisions clés de l'entreprise.Encadrer une équipe, en tant que Data Analyst Sénior vous supervisez et animez une équipe de data analysts, tant internes qu'externes. Vous assurez l'excellence opérationnelle et le développement de leurs expertises en analyse et conseil auprès des métiers.Être le point de contact privilégié des équipes métiers au travers de différentes directions : Plan Commerce, Animation Commerciale, Clients et de la Direction Produits. Vous participez à des projets ainsi quà certains rituels. Vous définissez les nouveaux besoins en matière d'analyse de données, recueillez les briefs, et assurez la transmission claire des demandes à l'équipe DA.Superviser et suivre méthodiquement les projets, assurer la qualité des processus et des livrables. Vous veillez à l'application des bonnes pratiques telles que l'utilisation de Jira, Gitlab, la revue des scripts BigQuery, le suivi des coûts BigQuery, le partage de dashboards, le respect de la charte graphique et l'archivage des études.Veiller à la qualité des livrables, produits par l'équipe DA du pôle et assurer leur conformité ainsi que leurs restitution et interprétation conformément aux attentes des équipes métiers. Proxi product owner des outils data, à destination de différents services : Plan Commerce, Animation Commerciales, Clients et de la Direction Produits.Informer et restituer les bonnes pratiques, communiquer l'avancement des projets aux interlocuteurs (Lead Data Analyst, Responsable Data Analyst). Vous serez amené à collaborer avec léquipe Études pour enrichir les analyses livrées issues de panélistes ou enquêtes de satisfaction.Vous êtesDiplômée d'un BAC +5 ou équivalent, et avez une première expérience réussie sur un poste de data Analyst de 7 ans minimum, de préférence dans un secteur retail. Vous avez une appétence pour les nouvelles technologies dont : SQL, GCP, outils de dataviz (Tableau, Google Data Studio). Le poste de Data Analyst Sénior F/H est fait pour vous.Rencontrons-nous ! 
Nous vous offrons les avantages suivants : Une remise sur achat chez Auchan Des primes de participation et dintéressement selon la performance annuelle de lentreprise Une prime annuelle équivalente à un 13e moisChez Auchan, nous sommes convaincus que la diversité fait la richesse dune entreprise. Nous étudions à compétences égales chaque candidature et toutes nos offres peuvent faire lobjet daménagements spécifiques en cas de handicap - #tous égaux, tous différents !Vous voulez en savoir plus sur nos engagements ?Nous nous mobilisons au quotidien autour de 4 piliers de responsabilité sociétale et environnementale majeurs : Offre responsable, Environnement, Solidarité, Humain.Rendez-vous sur : https://www.auchan-agit.fr.","
Contrat à durée indéterminée

Contrat travail
",unspecified,unspecified,unspecified,Unspecified,Débutant accepté,Contrat à durée indéterminée,True
4483656,https://candidat.pole-emploi.fr/offres/recherche/detail/4483656,2024-04-04,Offre d'emploi Business et data analyste informatique (IT) / Freelance (H/F) - Ile-de-France - 4483656 | France Travail,Ile-de-France,"En tant que Business Analyst et Gestionnaire de Données, vous serez responsable de l'analyse des besoins métier, de la collecte, de l'organisation et de l'exploitation des données afin de soutenir les décisions stratégiques de l'entreprise. Vos responsabilités incluront notamment :
Analyse des besoins métier : Travailler en étroite collaboration avec les parties prenantes internes pour comprendre et documenter les besoins métier, et traduire ces besoins en exigences fonctionnelles et techniques.
Collecte et organisation des données : Identifier les sources de données pertinentes, collecter et organiser les données de manière à garantir leur qualité, leur intégrité et leur accessibilité pour l'analyse.
Analyse de données : Utiliser des outils d'analyse de données pour extraire des informations pertinentes, identifier des tendances, des modèles et des insights significatifs permettant de prendre des décisions éclairées.
Rapports et visualisation : Créer des rapports et des tableaux de bord visuels présentant les résultats de l'analyse de données de manière claire et concise, adaptée aux différentes audiences et aux besoins spécifiques.
Gestion de projet : Participer à la gestion de projets liés à l'analyse des données, en veillant au respect des délais, du budget et des exigences de qualité.
Amélioration continue : Contribuer à l'amélioration continue des processus et des pratiques liés à l'analyse des données, en proposant des solutions innovantes et en partageant les meilleures pratiques.
Compétences requises :
Expérience préalable en tant que Business Analyst, Analyste de Données ou dans un rôle similaire.
Maîtrise des techniques d'analyse de données, des outils et des langages de programmation couramment utilisés
Capacité à comprendre les besoins métier et à traduire ces besoins en solutions technologiques.
Capacité à gérer plusieurs tâches simultanément et à travailler efficacement dans un environnement dynamique.
Expérience significative dans l'analyse de la DATA 
Excellentes compétences en communication et en documentation
MICROSTRATEGY et SID
Profil candidat:
Expérience significative dans l'analyse de la DATA 
Excellentes compétences en communication et en documentation
MICROSTRATEGY et SID
Excellentes compétences en communication, en présentation et en travail d'équipe.","
Contrat à durée indéterminée

Contrat travail
",unspecified,unspecified,unspecified,Unspecified,Débutant accepté,Contrat à durée indéterminée,True
4483625,https://candidat.pole-emploi.fr/offres/recherche/detail/4483625,2024-04-04,Offre d'emploi data analyste informatique (IT) / Freelance (H/F) - 75 - 4483625 | France Travail,75,"Maîtrise des techniques d?analyse de données (solide compréhension des concepts statistiques et des méthodes d?analyse des données)
? Compétences en programmation et en langage de requête et de manipulation des données (SQL, Python, R)
? Connaissances des environnements ERP (notamment SAP)
?Capacité de vulgarisation,
?Familier des organisations projet et du travail en équipe
Profil candidat:
TECHNODYM est actuellement à la recherche pour le compte d?un de leurs client, d?un data analyst, supplychain 
La mission est basée en Ile de France .
Si vous êtes disponible et intéressé, je vous invite à envoyer votre candidature et à à prendre contact avec moi .
Cordialement","
Profession libérale

Emploi non salarié
",unspecified,unspecified,unspecified,Unspecified,Débutant accepté,Profession libérale,True
4483376,https://candidat.pole-emploi.fr/offres/recherche/detail/4483376,2024-04-04,Offre d'emploi DATA analyste informatiqueE DATAIKU (IT) / Freelance (H/F) - 75 - 4483376 | France Travail,75,"Je recherche pour un de mes clients un Data Analyst DATAIKU ayant une maitrise de l? anglais 
La mission se déroulera au sein de l?équipe Reporting & Analytics en charge de d?optimiser la production de Dashboard à forte valeur ajoutée à destination de l?ensemble des directions métiers. Cette équipe appartient au pôle Stratégie et Transformation Data (Département Business Transformation).
OBJECTIF DE LA PRESTATION
La mission consiste à fournir les moyens de contrôler /analyser /piloter de l?activité de plusieurs métiers. Principalement le métier FINANCE (Comptabilité, Pricing, ALM )
Vos activités principales consisteront à accompagner les métiers dans l?analyse de leurs besoins, à implémenter et automatiser les solutions les mieux adaptées (tableaux de bord, extraction ), à leur fournir des recommandations et des analyses basées sur leurs données. Votre périmètre recouvre l?ensemble des données de l?activité 
Les outils utilisés afin de répondre aux besoins de nos clients sont DATAIKU, TABLEAU, SQL, SAS, et OBIEE Analytics.
PROFIL
Nous recherchons un Consultant - Data Analyst Généraliste Expert DATAIKU pour le métier Finances
Profil candidat:
DATA ANALYSTE DATAIKU","
Profession libérale

Emploi non salarié
",unspecified,unspecified,unspecified,Unspecified,Débutant accepté,Profession libérale,True
4483315,https://candidat.pole-emploi.fr/offres/recherche/detail/4483315,2024-04-04,Offre d'emploi Data analyste informatique GCP / Python / BigQuery (IT) / Freelance (H/F) - Ile-de-France - 4483315 | France Travail,Ile-de-France,"Dans ce cadre, les missions du data analyst sont :
?procéder à la migration des calculs existants depuis l?outil AMADEA/Statmining vers Google Cloud Platform (langage SQL)
?travailler en relation étroite avec le dataviz pour alimenter et automatiser l?ensemble des reporting depuis Google Cloud Platform
?assister les équipes projets dans leurs besoins de données
?assister les équipes d?analystes dans leurs études
?réaliser des études data à la demandes des métiers, 
?être force de proposition sur les méthodes / techniques à mettre en place pour répondre aux demandes d?études
?accompagner les utilisateurs sur la prise en main de Power BI et sur le fonctionnement des requêtes développées pour leurs besoins
Expertises spécifiques :
Vous maitrisez parfaitement les architectures et plateformes Cloud
? Environnements et outils de Google Cloud Platform :
 - BigQuery
 - Airflow
 - Vertex Ai/Notebook Jupyter
? Langages : SQL, Python (Pandas, Scikit learn)
? Delivery : Git
? Connaissance approfondie du Data Engineering fortement appréciée
Connaissances fonctionnelles : 
? Comprendre l?environnement et les métiers. 
Une connaissance préalable des paiements serait un plus.
Profil candidat:
De formation Bac+5 minimum au sein d'une école d'ingénieur ou d'informatique, vous avez une expérience de 5 ans minimum en tant que Data Analyst GCP / Python / BigQuery avec des Compétences métiers en moyens de paiements","
Profession libérale

Emploi non salarié
",unspecified,unspecified,unspecified,Unspecified,Débutant accepté,Profession libérale,True
4483314,https://candidat.pole-emploi.fr/offres/recherche/detail/4483314,2024-04-04,Offre d'emploi Data analyste informatique GCP (IT) / Freelance (H/F) - 94 - CHARENTON LE PONT - 4483314 | France Travail,94 - CHARENTON LE PONT,"Dans le cadre de la Lutte Contre La Fraude moyens de paiements, la squad data / déclaratif est une équipe de 8 personnes au sein de l?écosystème data des moyens de paiements. Elle est en charge :
? d?alimenter les équipes métiers en données de paiement et données client permettant de mener les analyses et d?écrire les règles de lutte contre la fraude,
? de générer et diffuser des reportings et des états Power BI aux équipes métiers LCLF et aux établissements du Groupe,
? d?assister les équipes d?analystes fraude et les équipes projets LCLF dans leurs missions,
? de produire des reportings à l?attention des régulateurs nationaux et européens
 
Dans ce cadre, les missions du data analyst sont :
? procéder à la migration des calculs existants depuis l?outil AMADEA/Statmining vers Google Cloud Platform (langage SQL)
? travailler en relation étroite avec le dataviz pour alimenter et automatiser l?ensemble des reporting depuis Google Cloud Platform
? assister les équipes projets dans leurs besoins de données
? assister les équipes d?analystes LCLF dans leurs études
? réaliser des études data à la demandes des métiers,
? être force de proposition sur les méthodes / techniques à mettre en place pour répondre aux demandes d?études
? accompagner les utilisateurs sur la prise en main de Power BI et sur le fonctionnement des requêtes développées pour leurs besoins
Profil candidat:
Compétences métiers en moyens de paiements ou Lutte contre la Fraude appréciées
? Etudes statistiques
? Rigueur dans le recueil, le traitement des données et les résultats produits
? Très bon sens relationnel
? Capacité d?initiative
? Capacité à travailler en équipe
? Support utilisateur
? Méthodologies : Scrum, Kanban, SAFe
 
Expertises spécifiques :
Vous maitrisez parfaitement les architectures et plateformes Cloud
? Environnements et outils de Google Cloud Platform :
 - BigQuery,
 - Airflow,
 - Vertex Ai/Notebook Jupyter
? Langages : SQL, Python (Pandas, Scikit learn)
? Delivery : Git
? Connaissance approfondie du Data Engineering fortement appréciée
 
Connaissances fonctionnelles :
? Comprendre l?environnement et les métiers du Paiement. Une connaissance préalable des paiements serait un plus.","
Profession libérale

Emploi non salarié
",unspecified,unspecified,unspecified,Unspecified,Débutant accepté,Profession libérale,True
4483255,https://candidat.pole-emploi.fr/offres/recherche/detail/4483255,2024-04-04,Offre d'emploi Data analyste informatique Expert SAS (H/F) (IT) / Freelance - 75 - 4483255 | France Travail,75,"En tant que Data Analyst Expert SAS (H/F), vous intégrez la filiale d?un grand compte bancaire, afin de fournir les moyens de contrôler, analyser, piloter l?activité de plusieurs métiers (marketing, finance, Retail Global Operations ). Vos activités principales consisteront à accompagner les métiers dans l?analyse de leurs besoins, à implémenter et automatiser les solutions les mieux adaptées (tableaux de bord, extraction ), à leur fournir des recommandations et des analyses basées sur leurs données via votre expertise SAS. Votre périmètre recouvre l?ensemble des données de l?activité de cette filiale (Drive, Cleva, Coda, ). Les outils utilisés afin de répondre aux besoins sont OBIEE Analytics, SQL, SAS, mais aussi Tableau et Dataiku. 
Vous travaillez au quotidien avec les collaborateurs de toutes les directions. À titre d?exemple, voici des études ou reportings / extractions qui pourraient vous être demandés :
-Réaliser des études de fréquences liées à la rentabilité des véhicules volés ou accidentés
-Anticiper le stock de véhicules d?occasions
-Identifier toutes les sociétés radiées
-Automatiser une extraction d?un système afin d?alimenter un autre système avec la donnée préparée
-Construire un dashboard de pilotage afin de mesurer la distance entre un point de vente et nos conducteurs
-Améliorer un reporting existant en y ajoutant un indicateur calculé à partir de plusieurs sources de données de la filiale
-Extractions de données, y compris pour la construction des budgets
-Construire des indicateurs
-Créer et maintenir des reportings
-Suivre les KPI
Profil recherché :
-Vous disposez de minimum 6 ans d?expérience en tant que Data analyst, dont 3 ans dans l?environnement de la prestation (SAS).
- Compétences demandées : Expertise SAS ; Expertise SQL ; Statistiques - Expertise sur les études statistiques ; Analyse de données ; Mathématiques appliquées et Algorithmes - Connaissance des principaux algorithmes de data science ; Modèles descriptifs ; Data Processing ; Notion sur Tableau / Dataiku / Alteryx ; Notion sur la Méthodologie Agile Scrum ; Connaissance en matière de recouvrement, télématique, KYC est un plus.
Compétences complémentaires :
Capacité d?analyse ; Capacité à synthétiser, à simplifier ; Être orienté résultats ; Rigueur ; Capacité à collaborer/travailler en équipe ; Capacité à définir des indicateurs de performance pertinents ; Capacité à animer une réunion, un séminaire, un comité, une formation ; Capacité à gérer un projet (+ estimation des charges, planification, respect des jalons).","
Profession libérale

Emploi non salarié
",unspecified,unspecified,unspecified,Unspecified,Débutant accepté,Profession libérale,True
4483107,https://candidat.pole-emploi.fr/offres/recherche/detail/4483107,2024-04-04,Offre d'emploi Data analyste informatique Power BI / COGNOS (IT) / Freelance (H/F) - 41 - Loir et Cher - 4483107 | France Travail,41 - Loir et Cher,"Le prestataire sera placé directement sous la responsabilité du responsable du service Modélisation des Données.
Il exécutera les missions suivantes :
Autour de COGNOS : analyse d?expression de besoin, création et évolution de rapport / Conception de pack
Autour de Power BI : être le point de contact technique des utilisateurs finaux ou des réalisateurs de Power BI Desktop du client, réalisation de reporting complexes
Le poste a une dimension technique mais aussi une dimension relationnelle forte autour de l?analyse des besoins, leur recette et le suivi en mode projet.
Profil candidat:
Suivi de projet en tant que contributeur MOE
Relation avec un infogérant
Relation avec des équipes sécurité / réseau /etc.
Le profil recherché doit maitriser les solutions techniques suivantes :
Power BI Desktop / Power BI Report Server / DAX / RLS - expérience : 3 années minimum
COGNOS C11 : conception de rapport - expérience : 2 années minimum
COGNOS C11 : framework - expérience : 2 années minimum
Modélisation de données (en base de données) - expérience : 4 années minimum
Optimisation SQL - expérience : 4 années minimum
Idéalement des connaissances sur l?administration fonctionnelle ou technique d?une plateforme Power BI Report server (on premise)
Une ressource débutante en COGNOS (après une formation) mais avec une expérience significative d?un outil de reporting de la même  famille  (Business Objects par ex) pourra convenir.
Très bonne capacité d?analyse : capacité à comprendre un besoin, à faire exprimer un besoin (animation d?ateliers) et à identifier les impacts afin de déterminer la meilleure solution à mettre en place
Très bonne capacité rédactionnelle
Autonomie sur tous les aspects d?un projet (jalons, chiffrages, suivi des actions), pertinence dans le reporting, force de proposition
Démarrage de la mission : dès que possible
Durée : 3 mois renouvelables.
Lieu de la mission : Mer (41).
Télétravail possible (2 jours maximum par semaine) après une période en présentiel total et fonction du degré d?autonomie.","
Profession libérale

Emploi non salarié
",unspecified,unspecified,unspecified,Unspecified,Débutant accepté,Profession libérale,True
4483070,https://candidat.pole-emploi.fr/offres/recherche/detail/4483070,2024-04-04,Offre d'emploi Data analyste informatique - Data Cruncher PYTHON SQL (IT) / Freelance (H/F) - Ile-de-France - 4483070 | France Travail,Ile-de-France,"L'utilisation de la data et le développement des capacités analytiques sont un axe majeur du plan stratégique du Groupe.
Les Data Analystes, Scientists, Viz & Gouv de l'Analytics Factory sont les piliers de cette transformation analytique, au service de l'ensemble des équipes métier 
- Marketing, Marchandises, Formats, E-commerce, Supply Chain, Services Financiers, etc.
Pour ce projet, On recherche un(e) Data Analyst Confirmé (H/F) pour rejoindre la feature team du projet, qui comprend lead data scientiste, data scientistes, data analyste, data engineers et interlocuteurs métiers.
Votre principale mission est de mener en autonomie les analyses ad-hoc (cadrage,
extraction des données, traitement, restitution) indispensables au bon déroulé du projet, notamment celles relatives à la mesure statistique de l?impact des mouvements d?assortiment passés.
Profil candidat:
Profil recherché
? Forte expérience dans la manipulation de grandes volumétries de données
? Maîtrise d?un langage de requêtage des données (SQL)
? Expérience en analyse de données avec Python
? Expérience dans l'utilisation d?outils de datavisualisation (Tableau, Looker)
? Excellentes capacités analytiques
? Expérience précédente sur des sujets de mesure statistique d?impact (groupes
tests et contrôle par exemple) est un plus
? Compréhension des modèles de data science
? Bon relationnel et capacités de synthèse écrite et orale
? Aptitude à expliquer et convaincre, capacités de vulgarisation et de pédagogie
? Rigueur, proactivité et autonomie
? Expérience dans le retail appréciée","
Profession libérale

Emploi non salarié
",unspecified,unspecified,unspecified,Unspecified,Expérience exigée,Profession libérale,False
4482937,https://candidat.pole-emploi.fr/offres/recherche/detail/4482937,2024-04-04,Offre d'emploi Data analyste informatique (IT) / Freelance (H/F) - 45 - ORLEANS - 4482937 | France Travail,45 - ORLEANS,"En tant que Data Analyst, et en coordination avec l?équipe vous devrez :
Contribuer à la conception des solutions techniques en respect des guidelines technologiques (analyses techniques, études?)
Participer à l?affinage du backlog, l?évaluation de la complexité, la conception, l?écriture des US et des spécifications
Assister pro-activement à l?ensemble des cérémonies agiles
Participer aux ateliers d?amélioration continue, à la veille technologique, aux partages de compétences dans le but d?améliorer l?expertise collective
Écrire, débugger, documenter, exécuter le code source et le déployer
Définir la stratégie de tests (unitaires, assemblage, tests en charge?) et réaliser les tests unitaires
Vous serez responsable de la qualité du produit. Pour ce faire vous adopterez les pratiques d?excellence dans le développement logiciel : clean code, refactoring, BDD, TDD, pair programing, revues de code, automatisation des tests? et embarquerez au plus tôt lors du développement les contraintes de déploiement et d?exploitation. Ainsi vous devrez : 
Participer à l?exploitation du produit en production : support, maintenance, monitoring, suivi de performance, sécurité, gestion des incidents et requêtes utilisateurs.
Collaborer avec des sociétés extérieures prestataires de services ou éditeurs de progiciels dans le cadre des travaux qui leur sont confiés. Amélioration de la qualité du code existant
Vous participerez activement à la vie d?équipe et de la DSI-métier (participation aux leagues, communication sur les réalisations dans les instances prévues, etc.)
Profil candidat:
De formation Bac + 5 dans le domaine informatique, vous justifiez d'une première expérience réussie dans le domaine de l'analyse, de la Data, de l?amélioration de la qualité du code existant ou autres secteurs du domaine informatique.
Compétences technologiques requises :
Expertise de la donnée, Maitrise de SQL et langage associés
Connaissances en HSQL/Hadoop et SPARK sont un plus
Autonomie, rigueur, curiosité, esprit d'équipe, facultés d'analyse et d?adaptation, de prise de recul,
maîtrise des évolutions informatiques (développement, recettes, intégration...) dans un
environnement agile sont des aptitudes exigées. Connaissance et pratique de Scrum appréciées.","
Profession libérale

Emploi non salarié
",unspecified,unspecified,unspecified,Unspecified,Débutant accepté,Profession libérale,True
4482635,https://candidat.pole-emploi.fr/offres/recherche/detail/4482635,2024-04-04,Offre d'emploi Data analyste informatique / DataVIZ (IT) / Freelance (H/F) - 78 - VELIZY VILLACOUBLAY - 4482635 | France Travail,78 - VELIZY VILLACOUBLAY,"Description Brief
Client : Telecom
Poste : DataVIZ/ Data Analyst
Expérience : 3 ans minimum
Localisation : Vélizy Villacoublay, déplacement possible à Technopole
Démarrage : ASAP
 Administration de l?espace de travail Power BI DOR-OPM,
 Construction et suivi d?une roadmap des évolutions (mettre en place un suivi projet via JIRA),
 Constitution d?une base de données consolidée pour tout OPM,
 Création, publication et évolution de rapports,
 Actualisation automatique des Dashboard publiés,
 Constitution et partage d?un catalogue des Dashboard OPM,
 Organisation et animation
 d?un comité projet régulier avec les détenteurs de licences Pro Power BI pour OPM,
 d?un comité BI OPM mensuel avec le Co-OPM,
 Production d?une synthèse écrite régulière (a minima, mensuelle) : un bulletin d?information BI
Compétences demandées : Power BI confimé, telecom (avancé), python (confirmé), power platform (avancé), SQL (confirmé)","
Contrat à durée indéterminée

Contrat travail
",unspecified,unspecified,unspecified,Unspecified,Débutant accepté,Contrat à durée indéterminée,True
4482512,https://candidat.pole-emploi.fr/offres/recherche/detail/4482512,2024-04-04,Offre d'emploi Expert big data / infrastructure (IT) / Freelance (H/F) - Ile-de-France - 4482512 | France Travail,Ile-de-France,"Le Cluster GRC a entrepris un vaste plan de transformation axé sur 3 piliers :
?Une volonté de moderniser le SI et d?utiliser de nouvelles technologies (réécriture massive du code existant, modularisation et APIsation du patrimoine SI)
?Amélioration du Time to Market et de l?agilité (Organisation agile orientée produit, application des principes de fabrication agile, responsabilité de bout-en-bout sur les solutions fabriquées)
?Transformation des modes de travail et croissance de l?efficacité opérationnelle (accompagner la croissance des métiers, accroitre la productivité des équipes et l?attractivité de la Banque)
Sur le périmètre particulier de Pôle  Software Ingénierie , les objectifs sont les suivants :
?Fournir l?ensemble des mécanismes, des outillages techniques nécessaires à la software ingénierie (ex : CI/CD, intégration de patterns, testing et résilience)
?Définir les principes directeurs et les normes/patterns de la software ingénierie
Profil candidat:
Les principales activités de la prestations sont:
?En lien avec les architectes et experts de l'équipe, définir l'architecture technique cible
?Construction d'un MVP de ces services puis enrichissement de l'offre
?L?automatisation et l?industrialisation des solutions 
?L?intégration dans le SI (observalibilité, alerting, gestion des droits, backup, etc)","
Contrat à durée indéterminée

Contrat travail
",unspecified,unspecified,unspecified,Unspecified,Débutant accepté,Contrat à durée indéterminée,True
4482464,https://candidat.pole-emploi.fr/offres/recherche/detail/4482464,2024-04-04,Offre d'emploi Data analyste informatiquee Sénior H/F (IT) / Freelance - 74 - ANNECY - 4482464 | France Travail,74 - ANNECY,"Description de la mission:
Contexte :
o Dans le cadre de la mise en place d?une solution d?orchestration des flux voix, tchat, Web Call Back en agence et en centre d?appel dans les caisses régionales, nous recherchons un BA / Gestionnaire DATA pour accompagner les Caisses Régionales dans l?apprentissage analytique des données statistiques liées à la distribution des appels téléphonies des Caisses Régionales..
o Les volumes à traiter sont importants (plus de 50 000 utilisateurs)
Tâches :
o Prise en charge et traitement des demandes de services liés aux statistiques à chaud et à froid des Caisses Régionales
o Communication auprès des équipes projet interne et auprès des Caisses Régionales
o Travailler en étroite collaboration avec l?éditeur pour répondre au mieux et au plus vite aux Caisses Régionales
o Fournir des rapports réguliers sur la performance fonctionnelle DATA
o Accompagner les Caisses Régionales dans la prise en main des tblx de bords Décisionnels et orienter les choix des utilisateurs
Attendu :
o Ateliers de travail et accompagnement des Caisses Régionales
o Gestion de la relation avec les Caisses Régionales
o Documentation complète des procédures
o Collaboration efficace avec les équipes techniques et les responsables du service Pilotage
o Compétence technique Microstrategy et SID
Informations concernant le télétravail :
2 jours de TT","
Profession libérale

Emploi non salarié
",unspecified,unspecified,unspecified,Unspecified,Expérience exigée,Profession libérale,False
4481901,https://candidat.pole-emploi.fr/offres/recherche/detail/4481901,2024-04-04,Offre d'emploi Security Risk Assessor & Data analyste informatique (IT) / Freelance (H/F) - 75 - 4481901 | France Travail,75,"Quand ?
Pour commencer dès que possible - Contrat renouvelable tous les 3 mois
Mission
Nous recherchons un Expert en tant que Consultant Évaluateur des Risques de Sécurité avec une expertise en analyse de données.
Portée du Service
Pour ce projet, le Service effectuera les actions suivantes :
? Collecter, traiter et analyser de grands ensembles de données, en assurant l'exactitude et l'intégralité des données
? Créer et maintenir des rapports et tableaux de bord en utilisant Power BI et Excel pour fournir des insights aux parties prenantes
? Concevoir et développer des modèles de données dans Power BI qui peuvent être utilisés pour une analyse en libre-service
? Surveiller et évaluer continuellement l'efficacité des processus de gestion des risques et les mettre à jour si nécessaire
? Créer et livrer des présentations claires et concises aux parties prenantes pour représenter et mettre en avant les insights des données
? Travailler en collaboration avec des équipes interfonctionnelles pour orienter les décisions commerciales à l'aide d'insights analytiques
? Identifier, évaluer et prioriser les risques de sécurité potentiels et les vulnérabilités
? Surveiller et évaluer continuellement la qualité, l'exactitude et l'intégralité des données et prendre des mesures correctives si nécessaire
? Communiquer les résultats de l'évaluation des risques, les analyses et les recommandations de manière claire et concise aux parties concernées
? Identifier et suivre les incidents liés à la sécurité, les violations ou les problèmes de non-conformité, et fournir des recommandations pour des actions correctives
? Fournir une supervision et un contrôle de projet, en s'assurant que les projets sont terminés à temps, dans le cadre du périmètre et dans les limites du budget
? Travailler en collaboration avec les parties prenantes de l'organisation pour développer et maintenir des plans d'atténuation des risques
Profil candidat:
Expertise
? Expertise en évaluations des risques, menaces et analyse de données.
? Expertise en cybersécurité, gestion des risques. Certifications professionnelles telles que Certified Information Systems Security Professional (CISSP), CISM, CRISC, ISO 27001
? Minimum 5 ans - expertise en gestion de projet au sein de grandes organisations et capable de gérer plusieurs parties prenantes
? Collaborer avec les parties prenantes commerciales et techniques pour comprendre leurs besoins en analyse de données et fournir des solutions en conséquence
? Posséder une expertise pratique de la gestion de projet et des meilleures pratiques du PMO
Expertise Technique
? PowerBI
? Excel
? Se tenir à jour avec les derniers outils et techniques d'analyse de données, outils CTI pour optimiser le développement des rapports
? Environnement anglophone : obligatoire","
Profession libérale

Emploi non salarié
",unspecified,unspecified,unspecified,Unspecified,Débutant accepté,Profession libérale,True
4481892,https://candidat.pole-emploi.fr/offres/recherche/detail/4481892,2024-04-04,Offre d'emploi Data analyste informatique Alteryx (IT) / Freelance (H/F) - 92 - NANTERRE - 4481892 | France Travail,92 - NANTERRE,"Bonjour, je suis à la recherche d?un data analyst Alteryx pour un de nos clients, dont vous trouverez la fiche de poste ci-dessous: 
 Collaborer avec les métiers en identifiant leurs problématiques opérationnelles afin d?y répondre avec des analyses et éléments chiffrés (par exemple campagnes commerciales, segmentation clientèle, analyses de saisonnalité, comportements clients)
 Mener les analyses nécessaires à l?optimisation des actions d?acquisition de nouveaux clients et de développement de valeur de notre parc à destination de nos vendeurs Terrain et Télévente 
 Accompagner la stratégie produit par des analyses de compréhension d?usage de nos solutions 
 Etablir des tableaux de bord interactifs (dataviz) de pilotage commercial facilitant les prises de décision et le pilotage de la performance à différents niveaux (management, opérationnel)
 Contribuer activement à la structuration de la vision 360 des clients et prospects : exploration de nouvelles data en vue d?ajouter de nouvelles dimensions, rédaction de spécifications avec le PO et recette data
 Contribuer à la documentation afin de faciliter le transfert des compétences 
Technologies: Alteryx, Tableaux, Power Bi 
N?hésitez pas à m?envoyer vos CV. 
Bien cordialement","
Contrat à durée indéterminée

Contrat travail
",unspecified,unspecified,unspecified,Unspecified,Débutant accepté,Contrat à durée indéterminée,True
4481865,https://candidat.pole-emploi.fr/offres/recherche/detail/4481865,2024-04-04,Offre d'emploi Data analyste informatique PowerBi NANTES (IT) / Freelance (H/F) - 44 - NANTES - 4481865 | France Travail,44 - NANTES,"- Lancement d?un nouveau projet de centralisation de données venant de divers SI. 
- Cadrage et réalisation de rapport power BI :
- Saisir et assister dans la définition précise des exigences.
Répondre aux besoins spécifiques du secteur en :
- Rassemblant, structurant et épurant les données issues de diverses origines.
- Développement des rapports et tableaux de bord via PowerBI.
Livrables :
- Rapports PowerBI
- Planning et roadmap
- Guide d?utilisation et documentation des rapports
- Plan de recette
Profil candidat:
Développement de tableaux PowerBi
Aptitudes relationnelles remarquables.
Capacité notable à comprendre et intégrer les exigences du client.
Compétence avérée en synthèse et en présentation.
Aptitude solide à la rédaction.","
Profession libérale

Emploi non salarié
",unspecified,unspecified,unspecified,Unspecified,Débutant accepté,Profession libérale,True
4481848,https://candidat.pole-emploi.fr/offres/recherche/detail/4481848,2024-04-04,Offre d'emploi Data analyste informatique COGNOS/Power BI à Mer (IT) / Freelance (H/F) - 41 - MER - 4481848 | France Travail,41 - MER,"Technodym est a la recherche d?un Data Analyst COGNOS/ PowerBI pour son client basé a MER 
Fiche de poste : 
Environnement technique :
Microsoft Power BI
COGNOS : version IBM COGNOS Analytics C11.
Base de données : HP Vertica 10.1.
Description du poste :
Il exécutera les missions suivantes :
 Autour de COGNOS : analyse d?expression de besoin, création et évolution de rapport / Conception de pack
 Autour de Power BI : être le point de contact technique des utilisateurs finaux ou des réalisateurs de Power BI Desktop du client, réalisation de reporting complexes.
 
Le poste a une dimension technique mais aussi une dimension relationnelle forte autour de l?analyse des besoins, leur recette et le suivi en mode projet.
Connaissances organisationnelles :
 Suivi de projet en tant que contributeur MOE
 Relation avec un infogérant
 Relation avec des équipes sécurité / réseau /etc.
Connaissances techniques :
Le profil recherché doit maitriser les solutions techniques suivantes :
 Power BI Desktop / Power BI Report Server / DAX / RLS - expérience : 3 années minimum
 COGNOS C11 : conception de rapport - expérience : 2 années minimum
 COGNOS C11 : framework - expérience : 2 années minimum
 Modélisation de données (en base de données) - expérience : 4 années minimum
 Optimisation SQL - expérience : 4 années minimum
 Idéalement des connaissances sur l?administration fonctionnelle ou technique d?une plateforme Power BI Report server (on premise)
Savoir-être :
 Très bonne capacité d?analyse : capacité à comprendre un besoin, à faire exprimer un besoin (animation d?ateliers) et à identifier les impacts afin de déterminer la meilleure solution à mettre en place
 Très bonne capacité rédactionnelle
 Autonomie sur tous les aspects d?un projet (jalons, chiffrages, suivi des actions), pertinence dans le reporting, force de proposition
Connaissances métier :
Idéalement (mais pas obligatoire) connaissance du monde des Titres
Une expérience significative avec un métier bancaire est souhaitable.
 
Si vous êtes disponible et intéressé n?hésitez pas à m?envoyer votre CV","
Profession libérale

Emploi non salarié
",unspecified,unspecified,unspecified,Unspecified,Débutant accepté,Profession libérale,True
4481643,https://candidat.pole-emploi.fr/offres/recherche/detail/4481643,2024-04-04,Offre d'emploi POTPOT7765-Un Expert big data sur Saint Quentin en Yvelines (IT) / Freelance (H/F) - 78 - Yvelines - 4481643 | France Travail,78 - Yvelines,"Almatek recherche pour l'un de ses clients, Un Expert big data sur Saint Quentin en Yvelines.
Le Cluster a entrepris un vaste plan de transformation axé sur 3 piliers :
? Une volonté de moderniser le SI et d?utiliser de nouvelles technologies (réécriture massive du code existant, modularisation et APIsation du patrimoine SI)
? Amélioration du Time to Market et de l?agilité (Organisation agile orientée produit, application des principes de fabrication agile, responsabilité de bout-en-bout sur les solutions fabriquées)
? Transformation des modes de travail et croissance de l?efficacité opérationnelle (accompagner la croissance des métiers, accroitre la productivité des équipes et l?attractivité de la Banque)
Sur le périmètre particulier de Pôle  Software Ingénierie , les objectifs sont les suivants :
? Fournir l?ensemble des mécanismes, des outillages techniques nécessaires à la software ingénierie (ex : CI/CD, intégration de patterns, testing et résilience)
? Définir les principes directeurs et les normes/patterns de la software ingénierie
? Animer les expertises techniques et la connaissance des produits présentés par l?entité de production informatique ou portés par cette entité au nom de tiers
Dans le cadre de refonte de la plateforme de Cash Management de l?entité CIB, du désengagement de la stack HDP, nous devons construire les services Spark, Kafka et Flink.
Nous souhaitons héberger ses services sur une plateforme Kubernetes.
Les principales activités de la prestations sont:
? En lien avec les architectes et experts de l'équipe, définir l'architecture technique cible
? Construction d'un MVP de ces services puis enrichissement de l'offre
? L?automatisation et l?industrialisation des solutions
? L?intégration dans le SI (observalibilité, alerting, gestion des droits, backup, etc)
Stack technique:
? Python/Java
? Hadoop / Spark / Kafka / Flink
? Kubernetes
? GitLab / Vault / Artifactory / CI/CD
? Jira
Profil candidat:
Une expertise AWS EMR et Snowflake serait un plus.
Le Cluster a entrepris un vaste plan de transformation axé sur 3 piliers :
? Une volonté de moderniser le SI et d?utiliser de nouvelles technologies (réécriture massive du code existant, modularisation et APIsation du patrimoine SI)
? Amélioration du Time to Market et de l?agilité (Organisation agile orientée produit, application des principes de fabrication agile, responsabilité de bout-en-bout sur les solutions fabriquées)
? Transformation des modes de travail et croissance de l?efficacité opérationnelle (accompagner la croissance des métiers, accroitre la productivité des équipes et l?attractivité de la Banque)
Sur le périmètre particulier de Pôle  Software Ingénierie , les objectifs sont les suivants :
? Fournir l?ensemble des mécanismes, des outillages techniques nécessaires à la software ingénierie (ex : CI/CD, intégration de patterns, testing et résilience)
? Définir les principes directeurs et les normes/patterns de la software ingénierie
? Animer les expertises techniques et la connaissance des produits présentés par l?entité de production informatique ou portés par cette entité au nom de tiers
Dans le cadre de refonte de la plateforme de Cash Management de l?entité CIB, du désengagement de la stack HDP, nous devons construire les services Spark, Kafka et Flink.
Nous souhaitons héberger ses services sur une plateforme Kubernetes.","
Profession libérale

Emploi non salarié
",unspecified,unspecified,unspecified,Unspecified,Débutant accepté,Profession libérale,True
4481615,https://candidat.pole-emploi.fr/offres/recherche/detail/4481615,2024-04-04,Offre d'emploi Data Specialist H/F (IT) / Freelance - 31 - TOULOUSE - 4481615 | France Travail,31 - TOULOUSE,"Nous recherchons pour notre client un Data Specialist (H/F) 
Prestation pure en Freelance ou Portage salarial (CDI.c) 9 mois ; 
Evolution / Embauche en CDI chez le client final ensuite / ! \ ;
Démarrage : Souplesse ;
Localisation : Haute-Garonne (31) Deux sites concernés ;
Télétravail : possible 1 jour par semaine.
Mission générale :
Conduire les projets Data / Piloter la stratégie du Data Management en définissant les processus : collecte, stockage, exploitation et sécurisation des données ;
Choisir et gérer les outils du SI adéquats pour la gestion des données ;
Assurer la qualité, la fiabilité et la cartographie des données - les rendre facilement utilisables pour tous ;
Traitement et mise à disposition des données - En relation avec les métiers, réalisation des tableaux de bord, des calculs sur les cibles et dégager des indicateurs (KPI) ;
Amélioration continue / Assurer une maintenance évolutive et préventive des systèmes Data, mesurer et optimiser leurs performances.
Environnement technique : Technologies Microsoft, SQL / SQL Server, Data Lake, Data Visualiation PowerBI, Osisoft PI, IBM Planning Analytics.
Profil candidat:
Profil recherché : Intermédiaire / Confirmé / Senior
Vous avez au moins 3 ans d?expériences professionnelles côté Data.
Vous êtes assez confiant pour travailler en toute autonomie.
Vous avez un bon niveau d?anglais technique (professionnel)","
Profession libérale

Emploi non salarié
",unspecified,unspecified,unspecified,Unspecified,Expérience exigée de 3 An(s),Profession libérale,False
4481538,https://candidat.pole-emploi.fr/offres/recherche/detail/4481538,2024-04-04,Offre d'emploi Data analyste informatique (H/F) 75/remote (IT) / Freelance - 75 - 4481538 | France Travail,75,"Contexte: 
Mon client est à la recherche d'un(e) data analyst pour accompagner les équipes digitales dans la compréhension des données
Mission: 
* Définition et réalisation des flux de données et des dashboards de pilotage de l'activité Commerce de l'entreprise
* Réaliser proactivement ou à la demande d'équipes Business les analyses permettant d'optimiser la performance mesurée 
* Apporter une expertise de l'analyse de données sur un large périmètre allant du diagnostic au growth hacking 
* Accompagner les équipes digitales dans la compréhension des données
Profil candidat:
Profil Recherché: 
* Solide experience en data analyse
 Bonne connaissance de Tableau Software
 Connaissances sur SQL et Web Analytics
 Des bases en Python sont un plus Anglais","
Profession libérale

Emploi non salarié
",unspecified,unspecified,unspecified,Unspecified,Débutant accepté,Profession libérale,True
4481370,https://candidat.pole-emploi.fr/offres/recherche/detail/4481370,2024-04-04,Offre d'emploi Data analyste informatique (IT) / Freelance (H/F) - Ile-de-France - 4481370 | France Travail,Ile-de-France,"? Mettre en oeuvre des outils informatiques, des techniques et des méthodes statistiques pour permettre d?organiser, synthétiser et traduire efficacement des données
? Fournir un appui analytique à la conduite d?exploration et à l?analyse complexe de données
? Créer des algorithmes de recherche de données qui permettent d'explorer les données utiles
? Procèder aussi à l'industrialisation du procédé pour les données les plus intéressantes. Et organiser, synthétise et traduit les informations pour faciliter la prise de décision.
? Gèrer les opérations et l'administration, la modélisation et l'architecture des gisements de données. Et s'assurer que les bases de données existantes fonctionnent bien et en cohérence
? Donner un sens aux données à l?aide de ses connaissances analytiques (SQL, analytics/BI, statistiques basiques)
? Travailler en collaboration avec le management pour résoudre des questions business en se focalisant sur l?analyse du passé
Le socle applicatif technique :
- Power BI confirmé
- SQL confirmé
- Python / PySpark
- Hive
Profil candidat:
? Mettre en oeuvre des outils informatiques, des techniques et des méthodes statistiques pour permettre d?organiser, synthétiser et traduire efficacement des données
? Fournir un appui analytique à la conduite d?exploration et à l?analyse complexe de données
? Créer des algorithmes de recherche de données qui permettent d'explorer les données utiles
? Procèder aussi à l'industrialisation du procédé pour les données les plus intéressantes. Et organiser, synthétise et traduit les informations pour faciliter la prise de décision.
? Gèrer les opérations et l'administration, la modélisation et l'architecture des gisements de données. Et s'assurer que les bases de données existantes fonctionnent bien et en cohérence
? Donner un sens aux données à l?aide de ses connaissances analytiques (SQL, analytics/BI, statistiques basiques)
? Travailler en collaboration avec le management pour résoudre des questions business en se focalisant sur l?analyse du passé
Le socle applicatif technique :
- Power BI confirmé
- SQL confirmé
- Python / PySpark
- Hive","
Profession libérale

Emploi non salarié
",unspecified,unspecified,unspecified,Unspecified,Débutant accepté,Profession libérale,True
4481163,https://candidat.pole-emploi.fr/offres/recherche/detail/4481163,2024-04-04,Offre d'emploi Data analyste informatique Power BI (H/F) - 75 (IT) / Freelance - 75 - 4481163 | France Travail,75,"Je recherche un consultantData Analyst PowerBI Technico-fonctionnel pour un de mes clients en région parisienne
C?est un client international, les échanges en anglais sont quotidiens 
La mission sera en rythme hybride avec 2 jours de télétravail par semaine
Démarrage ASAP, mission longue durée.
Profil candidat:
Votre rôle est d?intervenir sur un portefeuille de projets et maintenances diversifiés :
 
 Participer au recueil des besoins métiers et de les traduire en spécification technique
 Participer à la modélisation des données (conception et implémentation) ainsi que dans la définition des règles de gestion qui garantiront la cohérence et la qualité des données. 
 Participer à la réalisation de la solution BI avec les autres membres de l?équipe data (data analysts, data engineers, data architects). 
 Participer à la conception et à la mise en ?uvre des dashboards à l?aide de différents outils de visualisation.
 Participer aux phases de tests et de déploiements des solutions BI
 Participer au développement de prototypes
 Découvrir un domaine fonctionnel complexe 
 
Expériences : 
 
 Vous avez à votre actif une expérience significative en tant Data Analyst (3- 5 ans)
 Vous êtes à l?aise avec des outil pour la création des dashboards, notamment Power BI
 Vous êtes à l?aise dans la manipulation et modélisation de données en utilisant différents langages et outils informatiques (SQL, python, SQL server, etc)
 Vous avez de l?expérience dans le fonctionnement d?une équipe Agile
 Anglais courant impératif (Niveau C1) Utilisation quotidienne","
Profession libérale

Emploi non salarié
",unspecified,unspecified,unspecified,Unspecified,Débutant accepté,Profession libérale,True
4481160,https://candidat.pole-emploi.fr/offres/recherche/detail/4481160,2024-04-04,Offre d'emploi POT7760-Un Data analyste informatique sur Charenton-le-Pont (IT) / Freelance (H/F) - 94 - CHARENTON LE PONT - 4481160 | France Travail,94 - CHARENTON LE PONT,"Almatek recherche pour l'un de ses clients, Un Data Analyst sur Charenton-le-Pont
- Assurer la publication régulière des indicateurs existants à destination des différents interlocuteurs (Direction, Animation commerciale, Opérations, Relation client, et Solution acceptation)
- Développer d?autres outils innovants d?aide à la décision (SSRS et Power BI)
- Accompagner le métier pour formaliser et Analyser leurs besoins Data.
- Assurer la phase de recette des nouveaux rapports (migration AdminPos)
- Garantir la maintenance évolutive des différents rapports.
Les compétences techniques nécessaires à la réussite de la mission :
- Maitrise du SQL
- Maitrise de la modélisation Data
- Maitrise des outils décisionnels Microsoft (SSRS, SSAS, Power BI?)
- Maitrise de l?ETL Amadéa
- Maitrise de GCP (BigQuery?)
Les compétences fonctionnelles :
Idéalement connaissance du métier des Paiements
Profil candidat:
Les compétences techniques nécessaires à la réussite de la mission :
- Maitrise du SQL
- Maitrise de la modélisation Data
- Maitrise des outils décisionnels Microsoft (SSRS, SSAS, Power BI?)
- Maitrise de l?ETL Amadéa
- Maitrise de GCP (BigQuery?)
Les compétences fonctionnelles :
Idéalement connaissance du métier des Paiements","
Profession libérale

Emploi non salarié
",unspecified,unspecified,unspecified,Unspecified,Débutant accepté,Profession libérale,True
4481121,https://candidat.pole-emploi.fr/offres/recherche/detail/4481121,2024-04-04,Offre d'emploi Data analyste informatique Paiements (IT) / Freelance (H/F) - 75 - 4481121 | France Travail,75,"Assurer la publication régulière des indicateurs existants à destination des différents interlocuteurs (Direction, Animation commerciale, Opérations, Relation client, et Solution acceptation)
-Développer d?autres outils innovants d?aide à la décision (SSRS et Power BI)
-Accompagner le métier pour formaliser et Analyser leurs besoins Data.
-Assurer la phase de recette des nouveaux rapports (migration AdminPos)
-Garantir la maintenance évolutive des différents rapports.
Maitrise du SQL
-Maitrise de la modélisation Data
-Maitrise des outils décisionnels Microsoft (SSRS, SSAS, Power BI?)
-Maitrise de l?ETL Amadéa
-Maitrise de GCP (BigQuery?)
Les compétences fonctionnelles :
Idéalement connaissance du métier des Paiements
Profil candidat:
Assurer la publication régulière des indicateurs existants à destination des différents interlocuteurs (Direction, Animation commerciale, Opérations, Relation client, et Solution acceptation)
-Développer d?autres outils innovants d?aide à la décision (SSRS et Power BI)
-Accompagner le métier pour formaliser et Analyser leurs besoins Data.
-Assurer la phase de recette des nouveaux rapports (migration AdminPos)
-Garantir la maintenance évolutive des différents rapports.
Maitrise du SQL
-Maitrise de la modélisation Data
-Maitrise des outils décisionnels Microsoft (SSRS, SSAS, Power BI?)
-Maitrise de l?ETL Amadéa
-Maitrise de GCP (BigQuery?)
Les compétences fonctionnelles :
Idéalement connaissance du métier des Paiements","
Profession libérale

Emploi non salarié
",unspecified,unspecified,unspecified,Unspecified,Débutant accepté,Profession libérale,True
4481047,https://candidat.pole-emploi.fr/offres/recherche/detail/4481047,2024-04-04,Offre d'emploi Un Data analyste informatique confirmé avec compétences en Alteryx et SQL sur Paris (IT) / Freelance (H/F) - 75 - 4481047 | France Travail,75,"Smarteo recherche pour l'un de ses clients, Un Data Analyst confirmé avec compétences en Alteryx et SQL sur Paris 
 
 Description : 
 
 un Data Analyst avec compétences en Alteryx et SQL qui Donne un sens aux données à l'aide de ses connaissances analytiques (SQL, analytics/BI, statistiques basiques). 
 
 Il travaille en collaboration avec le management pour résoudre des questions business en se focalisant sur l'analyse du passé. 
 
 
 
 Contribue à la mise en ?uvre des outils informatiques, des techniques et des méthodes statistiques pour permettre d'organiser, synthétiser et traduire efficacement des données 
 
 Fournir un appui analytique à la conduite d'exploitation et à l'analyse complexe de données 
 
 Contribuer à l'industrialisation du procédé pour les données les plus intéressantes. 
 
 Organiser, synthétise et traduit les informations pour faciliter la prise de décision. 
 
 Gérer les opérations et l'administration, la modélisation et l'architecture des gisements de données. 
 
 S'assurer que les bases de données existantes fonctionnent bien et en cohérence 
 
 Donner un sens aux données à l'aide de ses connaissances analytiques (SQL, analytics/BI, statistiques basiques) 
 
 Travailler en collaboration avec le management pour résoudre des questions business en se focalisant sur l'analyse du passé 
 
 Obtenir des données adéquates, trouver les sources de données pertinentes, faire des recommandations sur les bases de données à consolider, modifier, rapatrier, externaliser, internaliser, conçoit 
 des datamarts, voire des entrepôts de données (data warehouses). 
 
 Si vous êtes disponible et intéressé, merci de me faire parvenir votre TJM ainsi que votre CV à jour au format Word
Profil candidat:
un Data Analyst avec compétences en Alteryx et SQL qui Donne un sens aux données à l'aide de ses connaissances analytiques (SQL, analytics/BI, statistiques basiques).","
Profession libérale

Emploi non salarié
",unspecified,unspecified,unspecified,Unspecified,Débutant accepté,Profession libérale,True
4490511,https://candidat.pole-emploi.fr/offres/recherche/detail/4490511,2024-04-04,Offre d'emploi Lead Conseil IA F/H - Valoway (H/F) - 75 - PARIS 19 - 4490511 | France Travail,75 - PARIS 19,"Ambitieux dans le développement de nos pôles d'excellence, nous recrutons notre Consultante ou Consultant Lead conseil Intelligence Artificielle basé en Ile de France. Dans le cadre de notre développement, vous rejoignez notre communauté d'experts afin d'accompagner nos clients dans leurs défis stratégiques liés à l'IA, à la Data et au Cloud.  
 Vos principales responsabilités :  
  
-  Accompagner nos clients dans l'identification, la priorisation et la mise en œuvre des cas d'usage IA, en assurant le choix des technologies appropriées et en garantissant une gouvernance et une éthique de l'IA. 
-  Définir et animer une roadmap IA et Data/Cloud en collaboration avec les Directions Générales, DSI et CDO. 
-  Animer une IA Factory chez nos clients et accompagner des communautés data et métiers, à l'adoption des bonnes pratiques : ateliers d'acculturation et d'idéation, formation à l'utilisation des outils, cadrage des cas d'usages auprès des métiers, POC... 
-  Piloter opérationnellement des projets IA, en supervisant leur exécution et leur livraison dans le respect des objectifs et des délais. 
-  Assurer une veille technologique régulière sur les avancées en matière d'IA et de Cloud, en collaboration avec nos Tech Lead. 
-  Participer activement aux phases d'avant-vente en apportant votre expertise technique et fonctionnelle. 
-  Être partie prenante des projets transverses de Valoway : Communication et conférences, Recrutement, pôles d'excellence IA, missions d'avant-vente, de conseil et de cadrage, REX, webinaires ... 
  Nos principaux environnements techniques : 
         Cloud providers : GCP, Azure, AWS. 
         Connaissance des solutions Entreprise IA : Copilot / GItHub Copilot / OpenAI / Gemini / Titan  
 Notre environnement de travail : 
 Vous souhaitez en savoir plus sur le métier de consultant chez Valoway ? C'est notre équipe qui en parle le mieux : Alice ""l'IA générative, générateur de satisfaction client!"" 
         L'agilité est au cœur de notre organisation, elle se traduit notamment par un mode de travail hybride et la possibilité d'alterner entre présence chez nos clients, dans nos bureaux ou en télétravail, en fonction des sujets à mener. 
         Vous collaborez avec des consultants ayant un haut niveau de compétences, appuyées par des missions stratégiques et des cas d'usages significatifs dans des environnements complexes des secteurs de l'assurance, de la banque, de l'industrie, du transport, du retail ou de la grande distribution. 
         Pour ce poste de Lead conseil IA en CDI le salaire indicatif que nous vous proposons à Paris est de 70 K€ brut annuel. Cette rémunération s'étudie en fonction de vos expériences et de votre profil. Vous bénéficierez également de RTT et d'une carte SWILE. 
         En tant que consultante et consultant vos initiatives business et cooptation seront gratifiées. 
    Après une expérience d'au moins 10 ans dans le domaine du conseil ainsi qu'une excellente vision des produits et des enjeux de l'Intelligence Artificielle, vous avez évolué sur des postes de direction de projets en Data et IA, qui aujourd'hui vous offrent une vision claire du fonctionnement des entreprises et ses enjeux.  
 Vos compétences techniques, alliées à une solide expérience en gestion de projets vous permettent d'être l'interlocuteur privilégié des directions dans la définition et l'animation d'une roadmap IA et DATA/Cloud.  
 En outre, vous maîtrisez parfaitement le français et l'anglais, et vous savez naviguer au sein d'organisation agile et/ou gestion cycle de projet. 
 Nous rejoindre en tant que consultante ou consultant chez Valoway, c'est également un état d'esprit ! 
Intégrer une équipe animée par l'innovation, le développement de son expertise et qui souhaite relever de nouveaux challenges : 
  Esprit d'entreprenariat, vraie culture de service et de succès client Forte appétence aux nouvelles opportunités liées à l'IA  Aptitude à conseiller des décideurs dans des grands comptes  
  Ce poste vous correspond ? Vous souhaitez en savoir plus ? Adressez-nous votre candidature ! 
Notre process de recrutement pour ce poste : 
  Un échange avec Emma ou Sonia nos RH sur votre projet professionnel  Un échange technique et culture avec nos consultants Pierre et Vincent afin de vous donner un aperçu de notre quotidien et vous embarquer dans notre vision !  Un entretien avec Gwénolé directeur et Louis Vincent fondateur de Valoway pour vous partager les enjeux de Valoway.","
Contrat à durée indéterminée

Contrat travail
",unspecified,70000.0,80000.0,Valoway,Expérience exigée de 10 An(s),Contrat à durée indéterminée,False
4485521,https://candidat.pole-emploi.fr/offres/recherche/detail/4485521,2024-04-04,Offre d'emploi Prestation dingénierie en Intelligence Artificielle générative dimages (IT) / Freelance (H/F) - 75 - 4485521 | France Travail,75,"Définition du besoin
Notre prestigieux client, leader dans le domaine de la diffusion médiatique, cherche à renforcer son équipe Technique du Numérique. Au sein de cette équipe, le candidat retenu collaborera de manière transversale avec différents départements pour servir les éditeurs de contenus et de services sur diverses offres numériques.
Il s'agit d'un projet passionnant autour de l'intelligence artificielle générative d?images. Nous cherchons une personne ayant une vision globale de ce domaine, ainsi qu'une certaine expérience dans cette capacité spécialisée.
Profil candidat:
Expérience approfondie dans l'utilisation de l'intelligence artificielle générative, et en particulier l'IA générative d'images.
Compétences de développement avancées, y compris une expérience pratique de l'utilisation d'ETL, de scripts système, entre autres.
Bonne compréhension des divers éléments de l'IA, y compris LM, LLM, les outils sur site et SaaS.
Compétences en matière d'interface utilisateur (UI) et d'expérience utilisateur (UX) seraient très appréciés.
Compétences en pédagogie, capables de faire preuve d'initiative et de documenter les processus.
Veille technologique active, notamment dans le domaine de l'intelligence artificielle.
Il est à noter que le prestataire peut être amené à travailler en dehors des heures de bureau, y compris les soirs et les week-ends, pour des événements occasionnels.","
Profession libérale

Emploi non salarié
",unspecified,unspecified,unspecified,Unspecified,Débutant accepté,Profession libérale,True
4485175,https://candidat.pole-emploi.fr/offres/recherche/detail/4485175,2024-04-04,Offre d'emploi Ingénierie en Intelligence Artificielle générative d'images (IT) / Freelance (H/F) - 92 - ISSY LES MOULINEAUX - 4485175 | France Travail,92 - ISSY LES MOULINEAUX,"Nous recherchons pour notre client grand compte (secteur médias) une prestation d'Ingénierie en Intelligence Artificielle générative d?images.
Prestation attendue : 
La direction Technique du Numérique du Client mène des projets transverses en étroite collaboration avec les autres directions, au service des éditeurs de contenus et de services sur nos différentes offres numériques. Dans le cadre d?expérimentations autour de l?intelligence artificielle générative d?images, nous recherchons un profil ayant une bonne vision de l?ensemble du domaine et déjà quelques expériences significatives.
Profil candidat:
- Expériences (à détailler) d'utilisation d'IA générative et en particulier d'IA générative d'images
- Fortes compétences de développement (back notamment, utilisation d'ETL, de scripts système, ...)
- Compréhension des différentes briques d'IA: LM, LLM, outils on premise, SaaS ...
- Compétences appréciées dans le domaine de l'UI et de l'UX (à préciser)
- Compétences en pédagogie (force de proposition) et documentation
- Appétence à la veille technologique dans le domaine de l?IA","
Profession libérale

Emploi non salarié
",unspecified,unspecified,unspecified,Unspecified,Débutant accepté,Profession libérale,True
172GKSY,https://candidat.pole-emploi.fr/offres/recherche/detail/172GKSY,2024-04-03,Offre d'emploi Data Scientist en Alternance (H/F) - Île-de-France - 172GKSY | France Travail,Île-de-France,"AI2 est une école, un établissement d'enseignement supérieur en ligne dédié à l'IA ! Nous offrons des formations en analyse de données et intelligence artificielle (IA) de premier plan pour vous préparer à exceller dans ce domaine en constante évolution.

Nos programmes couvrent la science des données, l'ingénierie des données et l'analyse des données , avec une forte emphase sur l'application concrète de l'IA dans divers domaines.

Avec notre équipe de professeurs hautement qualifiés et une gamme d'opportunités de recherche et de partenariats, nous sommes là pour vous aider à libérer votre potentiel dans le monde passionnant de l'intelligence artificielle.  .

Avec AI2 vous apprendrez un métier avec une pédagogie mêlant 20% de théorie et 80% de pratique. Résultat : à l'issue de votre formation, vous êtes 100% prêt à l'emploi. Formation 100% financée par l'entreprise.

Attention : cette offre ne s'adresse qu'aux candidats à l'alternance qui effectuent leur formation avec AI2 ou souhaitent s'inscrire chez AI2 pour leur alternance.
Seules les candidatures répondant à ces critères seront étudiées.

Nous sommes à la recherche d'un Alternant Data Scientist (H/F) ambitieux et désireux de plonger dans le monde dynamique de l'IA, pour un de nos partenaires dans le secteur de l'énergie situé en région Parisienne.

Vos missions en tant que Data scientist en alternance :

Collecter et analyser des données, via la conduite d'entretiens ou l'animation d'ateliers de co-construction.
Etablir des présentations pour nos clients et contribuer à la formalisation des recommandations stratégiques.
Nettoyer, préparer et optimiser les données pour l'analyse et la modélisation.
Concevoir et implémenter des modèles prédictifs et prescriptifs, en utilisant des techniques de machine learning et de deep learning.
Évaluer la performance des modèles à l'aide de tests et de validations croisées.
Présenter les résultats des analyses et des modélisations à des publics non techniques, en transformant les données complexes en insights clairs.
Travailler en étroite collaboration avec les équipes informatiques, commerciales, et opérationnelles pour comprendre les besoins en données et proposer des solutions innovantes.
Poste basé à Paris. Travail en hybride.

Rythme D'alternance Et Présence En Entreprise

Du lundi au vendredi

Périodes de travail de 8 heures
Repos le week-end
En entreprise : 3 jours par semaine
En formation :2 jours par semaine
Profil Recherché: À l'attention des futurs talents de notre école, non engagés dans un cursus ou une autre formation:

Vous êtes titulaire d'une licence (Bac +3) et êtes actuellement à la recherche d'une nouvelle opportunité de formation en alternance spécialisée en intelligence artificielle ou en reconversion professionnelle.
Vous disposez d'une très bonne culture de la donnée.
Vous disposez de compétences analytiques et de synthèse, d'excellentes capacités d'organisation et d'une bonne capacité de communication écrite et orale. Vous êtes enthousiaste avec un esprit entrepreneurial et vous avez un niveau d'anglais courant.
Doté(e) d'une forte curiosité intellectuelle et d'une grande capacité d'adaptation, vous êtes ouvert sur l'écosystème des startup et curieux des approches innovantes.
Type d'emploi : Alternance

Salaire : 950,00€ par mois

Avantages :

RTT
Programmation :

Du lundi au vendredi
Période de travail de 8 Heures
Travail en journée
Formation:

Bac +3 (Licence / Bachelor) (Requis)
Lieu du poste : En présentiel","
CDD - 12 Mois

Contrat apprentissage
",35H Travail en journée,900.0,1200.0,Ai2 education,Débutant accepté,CDD - 12 Mois,True
172GCCT,https://candidat.pole-emploi.fr/offres/recherche/detail/172GCCT,2024-04-03,Offre d'emploi Data Scientist (H/F) - 79 - NIORT - 172GCCT | France Travail,79 - NIORT,"Dans le cadre du SAU, vous accompagnerez l'équipe d'Assistance informatique dans le projet de
mise en place de l'assistance fonctionnelle et plus particulièrement l'équipe en prise d'appels avec
comme missions principales la formation fonctionnelle et le soutient des front offices dans le but
de contribuer à la satisfaction des utilisateurs
 
Tâches et missions attendues :
Challenger la qualité de service des techniciens sur 2 axes principaux :
- la prise en charge des sollicitations utilisateurs : accueil, posture, utilisation des outils,
des bases de connaissance, du diagnostic (double écoute, autre moyen)
- la qualité des informations retranscrites dans les tickets : au travers de la double écoute,
du picking et des instances de partage avec les groupes support pour identifier les
difficultés et les axes d'amélioration
Être le point d'entrée pour les techniciens Front Office afin de les accompagner dans la prise
d'appel et ainsi augmenter le taux de résolution immédiate.
A cette occasion, analyser les incidents unitaires dans le but de proposer/adapter des process,
connaissances, consignes,  .
Être acteur dans la gestion des incidents majeurs en alertant la tour de contrôle, en positionnant
un message ACD et en transmettant les consignes liées aux techniciens.
Assurer un renfort des techniciens Front Office en assurant la prise d'appels en cas de pics
d'activités, d'une absence imprévue de ressource dans l'équipe et pour maintenir votre niveau
d'expertise technique sur le périmètre.
Être l'interlocuteur privilégié des projets informatique ou métiers sur les évolutions applicatives,
processus.
 
Compétences
- Connaissance approfondie des systèmes informatiques, logiciels et matériels.
- Capacité à diagnostiquer et résoudre des problèmes techniques.
- Maîtrise des outils d'assistance et de ticketing.
- Excellentes compétences en communication orale et écrite.
- Gestion des Incidents et Résolution de Problèmes

Nous offrons :
Contrat à durée indéterminée
Teambuilding
Rtt
Événements festifs organisés par l'entreprise (repas d'été, repas de Noël, journée de solidarité
Suivi régulier
Formation (technologie, langues, cours de formation, certifications...)
 
 
Conditions :
CDI, ASAP.
Niort, Nouvelle-Aquitaine, France.
Rémunération et conditions très intéressantes, selon profil.
Projet et missions au sein d'une équipe et société en évolution.
Durée mission : 1 an (minimum).
Formations et suivi de carrières
La mission se réalisera sur le site de Niort à hauteur de 3 jours par semaine et 2 jours en télétravail,
dans un second temps.
 
 
Rejoignez notre équipe !
 
Chez K-LAGAN & Kereon, l'égalité des chances fait partie de nos valeurs.
Cela vous semble intéressant ? Postulez ! 
GROWING UP WITH YOU","
CDD - 12 Mois

Contrat travail
",39H Travail en journée,unspecified,unspecified,Sas k-lagan france,1 An(s),CDD - 12 Mois,False
4473508,https://candidat.pole-emploi.fr/offres/recherche/detail/4473508,2024-04-03,Offre d'emploi Data Scientist H/F - 69 - 4473508 | France Travail,69,"Geser Best Pôle Santé recherche un Data Scientist H/F
Vos principales missions seront les suivantes : 
- Travailler en Agile (Scrum), collaborer avec les plateaux produits
-  Analyser les données et intervenir en tant que Développeur (Python)
- Effectuer le traitements d'images en temps réel
De formation Ingénieur, vous disposez d'une expérience de 2 ans minimum en Data Science
Compétences requises : 
- Environnement Windows (10) 
- Python 
- MLOps (DVC, MLFlow, Optuna, Tensor Board.) 
- Pandas, PyTorch, MMDetection, Numpy, 
- Deep Learning, Machine Learning, 
- Traitement d'images (Open CV, outils de visualisation) 
- Elastic search 
- Des connaissances en C++ 
- Des connaissances en CUDA et cartes GPU 
- Anglais écrit, oral 
- Outils principaux : Azure DevOps, Anaconda, GIT","
Contrat à durée indéterminée

Contrat travail
",unspecified,unspecified,unspecified,Unspecified,Expérience exigée,Contrat à durée indéterminée,False
4470164,https://candidat.pole-emploi.fr/offres/recherche/detail/4470164,2024-04-03,"Offre d'emploi Data Scientist F/H - Système, réseaux, données (H/F) - 38 - GRENOBLE - 4470164 | France Travail",38 - GRENOBLE,"Descriptif du poste:

D3S est une équipe spécialisée en intelligence artificielle et data science. Nos data scientists développent des algorithmes et solutions logicielles pour les leaders de l'industrie (Airbus, Renault, Safran, etc). Les technologies propriétaires sont le fruit d'une R&amp;D interne active.&nbsp;Nous travaillons en équipe dans nos locaux avec possibilité de télétravail 2 jours par semaine.&nbsp;
Data scientist, vous participerez au développement de solutions analytiques / IA ayant un impact concret pour des centaines d'utilisateurs.&nbsp;Vous devrez proposer des méthodes articulant les modèles et algorithmes pertinents dans le respect des délais, avec un haut niveau de qualité. La plupart des développements sont en Python, pySpark et PyTorch.
Le package est très attractif (salaire fixe + primes, négociable selon l'expérience), avec mutuelle, tickets restaurants, frais de transports, etc.
Nos atouts
* Une équipe soudée, favorisant la montée en compétences
* L'association avec le cabinet de conseil STEP, groupe de 60 collaborateurs entre Paris et Toulouse, avec qui nous travaillons au quotidien.
* Une R&amp;D&nbsp;sur projet client et en interne, pour rester à la pointe des technologies développées
* De fortes compétences en informatique, nous livrons des solutions fonctionnelles (du prototype au logiciel)
* La reconnaissance du top management de nos clients, avec qui nous travaillons depuis plusieurs années
* Possibilité de télétravail 2 jours par semaine
* Les team events
Découvrez nous sur notre site web : https://d3s.ai/
Nota: si l'offre a expiré, il y en a d'autres sur APEC, WTTJ, Indeed, etc

Profil recherché:

Nous recrutons des data scientists et experts en intelligence artificielle avec tous niveaux d'expérience
* Vous êtes diplômé d'une grande école d'ingénieurs avec ou sans PhD
* Vous maîtrisez la programmation Python et idéalement SQL
* Vous avez de solides connaissances en intelligence artificielle et Deep Learning (GraphCN, LLM, LSTM, etc),
* ... et/ou de l'expérience en tant que data engineer dans l'analyse massive de données
* Vous êtes motivé, avez envie d'apprendre&nbsp;au quotidien et de voir l'impact de votre travail","
Contrat à durée indéterminée

Contrat travail
",unspecified,unspecified,unspecified,D3s,Débutant accepté,Contrat à durée indéterminée,True
4469868,https://candidat.pole-emploi.fr/offres/recherche/detail/4469868,2024-04-03,"Offre d'emploi DATA SCIENTIST F/H - Système, réseaux, données (H/F) - 33 - BORDEAUX - 4469868 | France Travail",33 - BORDEAUX,"Descriptif du poste:
REJOIGNEZ UN COLLECTIF ANIME PAR LE GOUT DU DEFILes équipes data science sont garantes de l'avancée innovatrice sur les concurrents, participent à la diffusion de la culture data au sein de Cdiscount, tissent des liens avec le monde académique et exercent une veille active sur l'état de l'art des modèles mathématiques et des nouvelles technologies.En rejoignant notre équipe vous aurez la possibilité d'exploiter toutes les nouveautés du Machine / Deep Learning, ainsi que d'IA Générative (Large Language Models avec notamment OpenAI, MistralAI, et bien d'autres). Pour mener vos missions à bien, vous aurez à votre disposition un ensemble de technos matures : Snowflake, environnements Jupyter hébergés server-side, un pipeline CI/CD solide construit autour de Docker et Kubernetes, GPUs et CPUs, etc. Notre terrain de jeux se base sur plus de 300 TO de données actives, portant sur un éventail de domaines différents comme un référentiel de 60M de produits actifs, 3M de recherches client par jour et jusqu'à 10M de visiteurs uniques pendant la période du Black Friday.Vous serez notamment en charge de :-    Production d'algorithmes de Machine Learning-    Définition de protocoles de tests statistiques pour quantifier la performance de ces algorithmes-    Suivi et reporting aux clients internes-    Contribution et participation aux séminaires et hackathons internes avec l'ensemble des membres des équipes data ;-    Rayonnement extérieur : publications, conférences, séminaires.Venez développer vos compétences et votre employabilité dans un environnement de travail unique :  : Un accord télétravail pouvant aller jusqu'à 3 jours par semaine,  : Des locaux modernes et situés au bord de la Garonne en plein cœur des Bassins à Flots, hub de la tech Bordelaise,  : De nombreux labels obtenus (Great Place To Work, Happy Trainees, AFNOR ""Diversité"" et ""Egalité F/H""),  : L'opportunité d'être acteur d'initiatives RSE et liées à la Diversité : (HandiTeam, GreenTeam)

Profil recherché:
Cdiscount est un employeur investi en faveur de la diversité : du recrutement à l'évolution professionnelle, nous garantissons l'égalité des chances à tous nos collaborateurs.Vous êtes persuadé que l'avenir appartient à celles et ceux qui osent faire bouger les lignes ? Nous aussi. Alors, Inventez-tout, Révélez-vous !Nous recherchons des collaborateurs ayant une énergie hors pair pour prendre part à une aventure humaine et professionnelle unique. De formation supérieure en école d'ingénieur ou titulaire d'un doctorat dans une discipline quantitative, vous avez déjà une expérience de minimum 2 ans dans le domaine de la définition d'algorithmes complexes (type Machine Learning). Une expertise avérée dans un de ces leviers constitue un avantage supplémentaire :-    Natural Language Processing (NLP) ;-    Large Language Models (LLMs) via APIs python ;-    Connaissances des process CI/CD et MLOps.Vous maîtrisez un langage scientifique de haut niveau pour construire efficacement vos algorithmes (Python de préférence), aussi bien que des technologies de bases de données (SQL, Snowflake) et de la statistique avancée. D'un naturel curieux et dynamique, vous vous épanouissez dans les sujets analytiques et la gestion de projet. Vous avez une appétence certaine pour les sujets techniques et les problèmes complexes.","
Contrat à durée indéterminée

Contrat travail
",unspecified,unspecified,unspecified,Cdiscount,Expérience exigée de 2 An(s),Contrat à durée indéterminée,False
4467738,https://candidat.pole-emploi.fr/offres/recherche/detail/4467738,2024-04-03,"Offre d'emploi Data scientist pour l'inférence causale (réf. 19481) F/H - Système, réseaux, données (H/F) - 75 - PARIS 13 - 4467738 | France Travail",75 - PARIS 13,"Descriptif du poste:

Fonctions : Data scientist pour l'inférence causale
Emploi-type : Expert en information statistique
Catégorie : A
Corps : Ingénieur de recherche
BAP : E
 
 
Mission :
Apporter et développer une expertise et des outils pour l'inférence causale sur données longitudinales observationnelles, y compris les données du SNDS. Contribuer à leur mise en œuvre en utilisant au mieux les données des différentes études et en recourant aux méthodes d'apprentissage statistique.
 
Activités principales :
* Assurer une veille scientifique, développer et mettre en œuvre des outils d'exploitation des données longitudinales à des fins d'inférence causale, en collaboration avec les cohortes,
* Veiller à permettre leur mise en œuvre sur les infrastructures de France Cohortes dans le cadre de projets de recherche menés au sein de l'IPLESP,
* Contribuer à coordonner la veille scientifique sur l'intégration des méthodes et outils issus de l'apprentissage statistique (y compris apprentissage profond) et de la science des données dans les problématiques d'inférence causale, et animer des partenariats avec des équipes de recherche du domaine en France et à l'international,
* Coordonner et organiser l'animation et la formation de la communauté des statisticiens et data scientists autour de l'exploitation des données longitudinales en présence de données riches (notamment cohortes et SNDS) et avec le recours aux méthodes (intelligence artificielle) et infrastructures (GPU) de la science des données,
* Participer au recueil du besoin et des questions émanant de chercheurs concernant la mise en œuvre de démarche d'inférence causale, pour orienter sur l'utilisation d'outils et de méthodes adaptés, et participer à rédiger des expressions de besoins pour améliorer les infrastructures de France Cohortes,
* Mettre en cohérence la démarche méthodologique de l'inférence causale et de l'apprentissage statistique avec les enjeux de la documentation et de la qualité des données en vie réelle, et ainsi contribuer à la dissémination de la démarche FAIR au sein des cohortes.
 
Autres activités :
* Encadrer des stagiaires, doctorants et ingénieurs.
 
Conduite de projets :   oui
Encadrement : oui  :   X A
 
Conditions particulières d'exercice :
L'agent-e sera officiellement affecté-e à l'Unité mixte de service France Cohortes. Son activité opérationnelle sera majoritairement dédiée et géographiquement située au sein d'une équipe de recherche de l'IPLESP dans le cadre de projets associés à des cohortes s'appuyant sur les services de France Cohortes.
Durant une période de 3 mois, l'agent-e travaillera au moins 2 jours par semaine au sein de la cellule centrale de France Cohortes pour s'inscrire dans la démarche de mutualisation des services. Puis il/elle consacrera un minimum d'une journée par semaine en cellule centrale pour veiller à la coordination de ses activités avec France Cohortes.
L'évaluation annuelle se fera avec le référent France Cohortes et le référent dans la cellule de site de l'IPLESP.

Profil recherché:

Connaissances transversales requises :
* Excellente maîtrise des outils statistiques d'analyses de données longitudinales dans une perspective d'inférence causale.
* Très bonnes connaissances des outils et méthodes de l'apprentissage statistique, et notamment de l'apprentissage profond et des infrastructures informatiques qui les sous-tendent,
* Connaissances générales en épidémiologie.
* Connaissance des problématiques liées à la qualité des données,
* Langue anglaise, niveau B2 à C1 (CECRL)
 
Savoir-faire :
* Concevoir une démarche d'inférence causale sur données observationnelles,
* Mettre en œuvre et évaluer les performances d'un modèle d'apprentissage statistique
* Mener une analyse de données et mettre en forme des résultats,
* Synthétiser la littérature scientifique,
* Rédiger de la documentation technique et méthodologique (rapport, article),
* Piloter un projet,
* Gérer et animer un groupe transversal.
 
Savoir-être :
* Bon relationnel et sens du travail en équipe
* Organisation de son temps entre de nombreux projets,
* Disponibilité et réactivité
* Rigueur
* Sens du service public
* Sens des responsabilités
* Esprit d'initiative, d'analyse et de synthèse","
Contrat à durée déterminée - 12 Mois

Contrat travail
",unspecified,unspecified,unspecified,Sorbonne université,Débutant accepté,Contrat à durée déterminée - 12 Mois,True
4450071,https://candidat.pole-emploi.fr/offres/recherche/detail/4450071,2024-04-03,"Offre d'emploi Consultant Data Scientist F/H - Système, réseaux, données (H/F) - 17 - LA ROCHELLE - 4450071 | France Travail",17 - LA ROCHELLE,"Descriptif du poste:
Ambitieux dans le développement de notre Pôle d'excellence IA et Data Science, nous recrutons notre consultante ou consultant Data Science à La Rochelle.  Vous rejoignez notre communauté de Data Scientist afin d'éclairer nos clients sur leurs enjeux business grâce à l'utilisation de la donnée et la puissance de l'Intelligence Artificielle. 




* Proposer des nouveaux modèles de valorisation de patrimoine DATA, à travers des sujets comme la prévision d'activité, l'optimisation de processus métiers (ChatBot, RPA, Recherche Opérationnelle.), le Data marketing ou l'usage de l'IA Générative.  

* Réaliser puis industrialiser des solutions adaptées, performantes et maintenables, à travers une approche MLOps.

*  Animer et accompagner des communautés DATA et des métiers à l'adoption des bonnes pratiques à travers : le cadrage des cas d'usages, la conduite de méthodologie expérimentale, des ateliers d'acculturation et d'idéation, le transfert de compétence aux équipes en place. 

*  Réaliser une veille régulière et partagée sur l'état de l'art de la Data Science et les offres de Cloud Provider.  



Nos principaux environnements techniques :  




Langages : Python, SQL, Spark, R. 


Outils de développeur : IDE, GIT.  


Cloud providers : Azure, GCP, AWS. 


Visualisation : Power BI, Tableau Software, Google Data Studio, Looker. 


Librairie de DeepLearning : Keras, TensorFlow, Pytorch 






Notre environnement de travail :
Vous souhaitez en savoir plus sur le poste de Data Scientist chez Valoway ? C'est notre équipe qui en parle le mieux : Alice ""l'IA générative, générateur de satisfaction client !""

L'agilité est au cœur de notre organisation, elle se traduit notamment par un mode de travail hybride et la possibilité d'alterner entre présence chez nos clients, dans nos bureaux ou en télétravail, en fonction des sujets à mener.
La mobilité est un aspect important du rôle de consultant, vous pouvez être amené à vous déplacer pour répondre au plus près aux enjeux de vos clients.
Vous collaborez avec des consultants ayant un haut niveau de compétences, appuyées par des missions stratégiques et des cas d'usages significatifs dans des environnements complexes des secteurs de l'assurance, de la banque, de l'industrie, du transport, du retail ou de la grande distribution.
Pour ce poste de Data Scientist en CDI le salaire indicatif que nous vous proposons à La Rochelle  est compris entre 45 K€ et 60 K€ brut annuel. Cette rémunération s'étudie en fonction de vos expériences et de votre profil. Vous bénéficierez également de RTT et d'une carte restaurant SWILE.
En tant que consultante ou consultant, vos initiatives business et cooptation seront gratifiées.




Profil recherché:
Vous avez une expérience d'au moins 5 ans, incluant votre participation active à des projets embarquant des briques d'Intelligence Artificielle et/ou de Machine Learning, couvrant le cadrage, le développement et l'industrialisation. Aussi, vous avez développé votre expertise sur des cloud providers tels qu'Azure ou GCP. Fort de ces expériences, idéalement acquise dans le conseil, vous êtes capable d'expliquer votre approche à des décideurs comme à des métiers, avec une vraie culture de services et de succès client.
 
Nous rejoindre en tant que consultante ou consultant chez Valoway, c'est également un état d'esprit. Vous souhaitez intégrer une équipe animée par l'innovation, le développement de son expertise et qui souhaite relever de nouveaux défis :

Autonomie dans la relation client
Esprit d'initiative et curiosité
Sens du partage et du travail en équipe
Mobilité

Ce poste vous correspond ? Vous souhaitez en savoir plus ? Adressez-nous votre candidature ! 
Notre process de recrutement pour ce poste :

Un échange avec Emma ou Sonia nos RH sur votre projet professionnel
Un échange technique et culture avec nos consultantes et consultants afin de vous donner un aperçu de notre quotidien et vous embarquer dans notre vision !
Un entretien avec Gwénolé directeur et Louis Vincent fondateur pour vous partager les enjeux de Valoway.
La durée moyenne du process est d'un mois et peut s'adapter en fonction de vos obligations, nous sommes flexibles !","
Contrat à durée indéterminée

Contrat travail
",unspecified,unspecified,unspecified,Valoway,Expérience exigée de 5 An(s),Contrat à durée indéterminée,False
4449493,https://candidat.pole-emploi.fr/offres/recherche/detail/4449493,2024-04-03,"Offre d'emploi Consultant Data Scientist Expert F/H - Système, réseaux, données (H/F) - 44 - NANTES - 4449493 | France Travail",44 - NANTES,"Descriptif du poste:
Ambitieux dans le développement de notre Pôle d'excellence IA et Data Science, nous recrutons notre consultante ou consultant Data Science à Nantes.  Vous rejoignez notre communauté de Data Scientist afin d'éclairer nos clients sur leurs enjeux business grâce à l'utilisation de la donnée et la puissance de l'Intelligence Artificielle. 




* Proposer des nouveaux modèles de valorisation de patrimoine DATA, à travers des sujets comme la prévision d'activité, l'optimisation de processus métiers (ChatBot, RPA, Recherche Opérationnelle.), le Data marketing ou l'usage de l'IA Générative.  

* Réaliser puis industrialiser des solutions adaptées, performantes et maintenables, à travers une approche MLOps.

*  Animer et accompagner des communautés DATA et des métiers à l'adoption des bonnes pratiques à travers : le cadrage des cas d'usages, la conduite de méthodologie expérimentale, des ateliers d'acculturation et d'idéation, le transfert de compétence aux équipes en place. 

*  Réaliser une veille régulière et partagée sur l'état de l'art de la Data Science et les offres de Cloud Provider.  



Nos principaux environnements techniques :  




Langages : Python, SQL, Spark, R. 


Outils de développeur : IDE, GIT.  


Cloud providers : Azure, GCP, AWS. 


Visualisation : Power BI, Tableau Software, Google Data Studio, Looker. 


Librairie de DeepLearning : Keras, TensorFlow, Pytorch 






Notre environnement de travail :
Vous souhaitez en savoir plus sur le poste de Data Scientist chez Valoway ? C'est notre équipe qui en parle le mieux : Alice ""l'IA générative, générateur de satisfaction client !""

L'agilité est au cœur de notre organisation, elle se traduit notamment par un mode de travail hybride et la possibilité d'alterner entre présence chez nos clients, dans nos bureaux ou en télétravail, en fonction des sujets à mener.
La mobilité est un aspect important du rôle de consultant, vous pouvez être amené à vous déplacer pour répondre au plus près aux enjeux de vos clients.
Vous collaborez avec des consultants ayant un haut niveau de compétences, appuyées par des missions stratégiques et des cas d'usages significatifs dans des environnements complexes des secteurs de l'assurance, de la banque, de l'industrie, du transport, du retail ou de la grande distribution.
Pour ce poste de Data Scientist en CDI le salaire indicatif que nous vous proposons à Nantes est compris entre 45 K€ et 60 K€ brut annuel. Cette rémunération s'étudie en fonction de vos expériences et de votre profil. Vous bénéficierez également de RTT et d'une carte restaurant SWILE.
En tant que consultante ou consultant, vos initiatives business et cooptation seront gratifiées.




Profil recherché:
Vous avez une expérience d'au moins 5 ans, incluant votre participation active à des projets embarquant des briques d'Intelligence Artificielle et/ou de Machine Learning, couvrant le cadrage, le développement et l'industrialisation. Aussi, vous avez développé votre expertise sur des cloud providers tels qu'Azure ou GCP. Fort de ces expériences, idéalement acquise dans le conseil, vous êtes capable d'expliquer votre approche à des décideurs comme à des métiers, avec une vraie culture de services et de succès client.
 
Nous rejoindre en tant que consultante ou consultant chez Valoway, c'est également un état d'esprit. Vous souhaitez intégrer une équipe animée par l'innovation, le développement de son expertise et qui souhaite relever de nouveaux défis :

Autonomie dans la relation client
Esprit d'initiative et curiosité
Sens du partage et du travail en équipe
Mobilité

Ce poste vous correspond ? Vous souhaitez en savoir plus ? Adressez-nous votre candidature ! 
Notre process de recrutement pour ce poste :

Un échange avec Emma ou Sonia nos RH sur votre projet professionnel
Un échange technique et culture avec nos consultantes et consultants afin de vous donner un aperçu de notre quotidien et vous embarquer dans notre vision !
Un entretien avec Gwénolé directeur et Louis Vincent fondateur pour vous partager les enjeux de Valoway.
La durée moyenne du process est d'un mois et peut s'adapter en fonction de vos obligations, nous sommes flexibles !","
Contrat à durée indéterminée

Contrat travail
",unspecified,unspecified,unspecified,Valoway,Expérience exigée de 5 An(s),Contrat à durée indéterminée,False
4448488,https://candidat.pole-emploi.fr/offres/recherche/detail/4448488,2024-04-03,"Offre d'emploi Consultant Data Scientist Expert F/H - Système, réseaux, données (H/F) - 75 - PARIS 01 - 4448488 | France Travail",75 - PARIS 01,"Descriptif du poste:
Ambitieux dans le développement de notre Pôle d'excellence IA et Data Science, nous recrutons notre consultante ou consultant Data Science à Paris.  Vous rejoignez notre communauté de Data Scientist afin d'éclairer nos clients sur leurs enjeux business grâce à l'utilisation de la donnée et la puissance de l'Intelligence Artificielle. 




* Proposer des nouveaux modèles de valorisation de patrimoine DATA, à travers des sujets comme la prévision d'activité, l'optimisation de processus métiers (ChatBot, RPA, Recherche Opérationnelle.), le Data marketing ou l'usage de l'IA Générative.  

* Réaliser puis industrialiser des solutions adaptées, performantes et maintenables, à travers une approche MLOps.

*  Animer et accompagner des communautés DATA et des métiers à l'adoption des bonnes pratiques à travers : le cadrage des cas d'usages, la conduite de méthodologie expérimentale, des ateliers d'acculturation et d'idéation, le transfert de compétence aux équipes en place. 

*  Réaliser une veille régulière et partagée sur l'état de l'art de la Data Science et les offres de Cloud Provider.  



Nos principaux environnements techniques :  




Langages : Python, SQL, Spark, R. 


Outils de développeur : IDE, GIT.  


Cloud providers : Azure, GCP, AWS. 


Visualisation : Power BI, Tableau Software, Google Data Studio, Looker. 


Librairie de DeepLearning : Keras, TensorFlow, Pytorch 






Notre environnement de travail :
Vous souhaitez en savoir plus sur le poste de Data Scientist chez Valoway ? C'est notre équipe qui en parle le mieux : Alice ""l'IA générative, générateur de satisfaction client !""

L'agilité est au cœur de notre organisation, elle se traduit notamment par un mode de travail hybride et la possibilité d'alterner entre présence chez nos clients, dans nos bureaux ou en télétravail, en fonction des sujets à mener.
La mobilité est un aspect important du rôle de consultant, vous pouvez être amené à vous déplacer pour répondre au plus près aux enjeux de vos clients.
Vous collaborez avec des consultants ayant un haut niveau de compétences, appuyées par des missions stratégiques et des cas d'usages significatifs dans des environnements complexes des secteurs de l'assurance, de la banque, de l'industrie, du transport, du retail ou de la grande distribution.
Pour ce poste de Data Scientist en CDI le salaire indicatif que nous vous proposons à Paris est compris entre 50 K€ et 65 K€ brut annuel. Cette rémunération s'étudie en fonction de vos expériences et de votre profil. Vous bénéficierez également de RTT et d'une carte restaurant SWILE.
En tant que consultante ou consultant, vos initiatives business et cooptation seront gratifiées.




Profil recherché:
Vous avez une expérience d'au moins 5 ans, incluant votre participation active à des projets embarquant des briques d'Intelligence Artificielle et/ou de Machine Learning, couvrant le cadrage, le développement et l'industrialisation. Aussi, vous avez développé votre expertise sur des cloud providers tels qu'Azure ou GCP. Fort de ces expériences, idéalement acquise dans le conseil, vous êtes capable d'expliquer votre approche à des décideurs comme à des métiers, avec une vraie culture de services et de succès client.
 
Nous rejoindre en tant que consultante ou consultant chez Valoway, c'est également un état d'esprit. Vous souhaitez intégrer une équipe animée par l'innovation, le développement de son expertise et qui souhaite relever de nouveaux défis :

Autonomie dans la relation client
Esprit d'initiative et curiosité
Sens du partage et du travail en équipe
Mobilité

Ce poste vous correspond ? Vous souhaitez en savoir plus ? Adressez-nous votre candidature ! 
Notre process de recrutement pour ce poste :

Un échange avec Emma ou Sonia nos RH sur votre projet professionnel
Un échange technique et culture avec nos consultantes et consultants afin de vous donner un aperçu de notre quotidien et vous embarquer dans notre vision !
Un entretien avec Gwénolé directeur et Louis Vincent fondateur pour vous partager les enjeux de Valoway.
La durée moyenne du process est d'un mois et peut s'adapter en fonction de vos obligations, nous sommes flexibles !","
Contrat à durée indéterminée

Contrat travail
",unspecified,unspecified,unspecified,Valoway,Expérience exigée de 5 An(s),Contrat à durée indéterminée,False
4448427,https://candidat.pole-emploi.fr/offres/recherche/detail/4448427,2024-04-03,"Offre d'emploi Consultant Data Scientist F/H - Système, réseaux, données (H/F) - 79 - NIORT - 4448427 | France Travail",79 - NIORT,"Descriptif du poste:
Ambitieux dans le développement de notre Pôle d'excellence IA et Data Science, nous recrutons notre consultante ou consultant Data Science à Niort.  Vous rejoignez notre communauté de Data Scientist afin d'éclairer nos clients sur leurs enjeux business grâce à l'utilisation de la donnée et la puissance de l'Intelligence Artificielle. 




* Proposer des nouveaux modèles de valorisation de patrimoine DATA, à travers des sujets comme la prévision d'activité, l'optimisation de processus métiers (ChatBot, RPA, Recherche Opérationnelle.), le Data marketing ou l'usage de l'IA Générative.  

* Réaliser puis industrialiser des solutions adaptées, performantes et maintenables, à travers une approche MLOps.

*  Animer et accompagner des communautés DATA et des métiers à l'adoption des bonnes pratiques à travers : le cadrage des cas d'usages, la conduite de méthodologie expérimentale, des ateliers d'acculturation et d'idéation, le transfert de compétence aux équipes en place. 

*  Réaliser une veille régulière et partagée sur l'état de l'art de la Data Science et les offres de Cloud Provider.  



Nos principaux environnements techniques :  




Langages : Python, SQL, Spark, R. 


Outils de développeur : IDE, GIT.  


Cloud providers : Azure, GCP, AWS. 


Visualisation : Power BI, Tableau Software, Google Data Studio, Looker. 


Librairie de DeepLearning : Keras, TensorFlow, Pytorch 






Notre environnement de travail :
Vous souhaitez en savoir plus sur le poste de Data Scientist chez Valoway ? C'est notre équipe qui en parle le mieux : Alice ""l'IA générative, générateur de satisfaction client !""

L'agilité est au cœur de notre organisation, elle se traduit notamment par un mode de travail hybride et la possibilité d'alterner entre présence chez nos clients, dans nos bureaux ou en télétravail, en fonction des sujets à mener.
La mobilité est un aspect important du rôle de consultant, vous pouvez être amené à vous déplacer pour répondre au plus près aux enjeux de vos clients.
Vous collaborez avec des consultants ayant un haut niveau de compétences, appuyées par des missions stratégiques et des cas d'usages significatifs dans des environnements complexes des secteurs de l'assurance, de la banque, de l'industrie, du transport, du retail ou de la grande distribution.
Pour ce poste de Data Scientist en CDI le salaire indicatif que nous vous proposons à Niort est compris entre 45 K€ et 60 K€ brut annuel. Cette rémunération s'étudie en fonction de vos expériences et de votre profil. Vous bénéficierez également de RTT et d'une carte restaurant SWILE.
En tant que consultante ou consultant, vos initiatives business et cooptation seront gratifiées.




Profil recherché:
Vous avez une expérience d'au moins 5 ans, incluant votre participation active à des projets embarquant des briques d'Intelligence Artificielle et/ou de Machine Learning, couvrant le cadrage, le développement et l'industrialisation. Aussi, vous avez développé votre expertise sur des cloud providers tels qu'Azure ou GCP. Fort de ces expériences, idéalement acquise dans le conseil, vous êtes capable d'expliquer votre approche à des décideurs comme à des métiers, avec une vraie culture de services et de succès client.
 
Nous rejoindre en tant que consultante ou consultant chez Valoway, c'est également un état d'esprit. Vous souhaitez intégrer une équipe animée par l'innovation, le développement de son expertise et qui souhaite relever de nouveaux défis :

Autonomie dans la relation client
Esprit d'initiative et curiosité
Sens du partage et du travail en équipe
Mobilité

Ce poste vous correspond ? Vous souhaitez en savoir plus ? Adressez-nous votre candidature ! 
Notre process de recrutement pour ce poste :

Un échange avec Emma ou Sonia nos RH sur votre projet professionnel
Un échange technique et culture avec nos consultantes et consultants afin de vous donner un aperçu de notre quotidien et vous embarquer dans notre vision !
Un entretien avec Gwénolé directeur et Louis Vincent fondateur pour vous partager les enjeux de Valoway.
La durée moyenne du process est d'un mois et peut s'adapter en fonction de vos obligations, nous sommes flexibles !","
Contrat à durée indéterminée

Contrat travail
",unspecified,unspecified,unspecified,Valoway,Expérience exigée de 5 An(s),Contrat à durée indéterminée,False
4431000,https://candidat.pole-emploi.fr/offres/recherche/detail/4431000,2024-04-03,Offre d'emploi Analyste développeur - data scientist (H/F) - 67 - BERSTETT - 4431000 | France Travail,67 - BERSTETT,"Qui sommes-nous ?Euro-Information, filiale technologique de Crédit Mutuel Alliance Fédérale, conçoit, réalise, maintient et exploite un système dinformation commun utilisé par le Groupe.Les activités de développement et de production informatique au niveau national et international sont assurées par environ 4000 salariés répartis sur plusieurs sites géographiques au niveau national : Strasbourg, Nancy, Dijon, Orléans, Lyon, Lille, Cergy, Val de Fontenay, Paris et Nantes.Première Banque à adopter le statut dentreprise à mission, le Crédit Mutuel Alliance Fédérale sinvestit et sengage dans différentes missions sociales et environnementales :Laccompagnement de tous par notre organisation coopérative et mutualiste reste au cœur de notre ADN.La technologie au service de lhumain est une référence dans notre monde connecté.La solidarité et léco-responsabilité deviennent des axes clés dans notre développement.Notre raison dêtre : Ensemble, Ecouter et Agir. Vos missions Larrivée à maturité de solutions informatiques permettant un traitement automatique du langage naturel ainsi quun apprentissage par lexemple a ouvert à Crédit Mutuel Alliance Fédérale de nouvelles perspectives pour mieux assister les collaborateurs et mieux servir leurs clients.Le Groupe a donc décidé dinvestir fortement dans linformatique cognitive : nous avons été la première entreprise à mettre en œuvre la technologie IBM Watson en France.Plusieurs solutions dites « cognitives » ont ainsi été déployées : Assistants Virtuels (chatbot), Analyseurs demails, Assistant Vocal téléphonique.Au sein de léquipe en charge de concevoir, déployer et maintenir les services en Machine Learning liés aux solutions cognitives du groupe, vos missions seront les suivantes :Réaliser des études initiales pour évaluer le coût et les gains potentiels dutilisation du Machine LearningConcevoir des algorithmes et des modèles performants répondant aux différents besoins métierConcevoir et rédiger des spécifications fonctionnelles et techniquesGérer les demandes dévolution, organiser les déploiements, le suivi et la maintenance en productionTravailler en mode projet dans le respect du Système de Management de la QualitéAssurer un travail de vieille scientifique notamment via lanimation de formations internes Ce que vous allez vivre chez nousTélétravail (2 jours par semaine)Rémunération fixe versée sur 13 moisRTTIntéressement, participation et abondementPlan épargne entreprise et PERCOContrat de santé collectifPrévoyanceRetraite supplémentaire prise en charge à 100% par lemployeurConditions bancaires et assurances préférentiellesPolitique parentale avantageuse Ce que nous allons aimer chez vous Diplômé dun Bac+5 scientifique, vous possédez une expérience professionnelle de 3/5 ans en développements en Python et possédez une réelle expertise en Machine Learning/Deep Learning. Vous savez faire preuve dautonomie en conception et évaluation dalgorithmes et de modèles.Vous avez déjà travaillé en méthodologie de développement agile et vous maîtrisez langlais écrit et parlé. Autonome et organisé(e), vous faites preuve d'initiatives et d'esprit de synthèse. Vous possédez de bonnes qualités relationnelles et aimez travailler en équipe. Vous avez le souci du respect des normes et standards qualité.","
Contrat à durée indéterminée

Contrat travail
",unspecified,unspecified,unspecified,Unspecified,Expérience exigée de 36 Mois,Contrat à durée indéterminée,False
4430914,https://candidat.pole-emploi.fr/offres/recherche/detail/4430914,2024-04-03,Offre d'emploi Analyste développeur - data scientist (H/F) - 67 - BLAESHEIM - 4430914 | France Travail,67 - BLAESHEIM,"Qui sommes-nous ?Euro-Information, filiale technologique de Crédit Mutuel Alliance Fédérale, conçoit, réalise, maintient et exploite un système dinformation commun utilisé par le Groupe.Les activités de développement et de production informatique au niveau national et international sont assurées par environ 4000 salariés répartis sur plusieurs sites géographiques au niveau national : Strasbourg, Nancy, Dijon, Orléans, Lyon, Lille, Cergy, Val de Fontenay, Paris et Nantes.Première Banque à adopter le statut dentreprise à mission, le Crédit Mutuel Alliance Fédérale sinvestit et sengage dans différentes missions sociales et environnementales :Laccompagnement de tous par notre organisation coopérative et mutualiste reste au cœur de notre ADN.La technologie au service de lhumain est une référence dans notre monde connecté.La solidarité et léco-responsabilité deviennent des axes clés dans notre développement.Notre raison dêtre : Ensemble, Ecouter et Agir. Vos missions Larrivée à maturité de solutions informatiques permettant un traitement automatique du langage naturel ainsi quun apprentissage par lexemple a ouvert à Crédit Mutuel Alliance Fédérale de nouvelles perspectives pour mieux assister les collaborateurs et mieux servir leurs clients.Le Groupe a donc décidé dinvestir fortement dans linformatique cognitive : nous avons été la première entreprise à mettre en œuvre la technologie IBM Watson en France.Plusieurs solutions dites « cognitives » ont ainsi été déployées : Assistants Virtuels (chatbot), Analyseurs demails, Assistant Vocal téléphonique.Au sein de léquipe en charge de concevoir, déployer et maintenir les services en Machine Learning liés aux solutions cognitives du groupe, vos missions seront les suivantes :Réaliser des études initiales pour évaluer le coût et les gains potentiels dutilisation du Machine LearningConcevoir des algorithmes et des modèles performants répondant aux différents besoins métierConcevoir et rédiger des spécifications fonctionnelles et techniquesGérer les demandes dévolution, organiser les déploiements, le suivi et la maintenance en productionTravailler en mode projet dans le respect du Système de Management de la QualitéAssurer un travail de vieille scientifique notamment via lanimation de formations internes Ce que vous allez vivre chez nousTélétravail (2 jours par semaine)Rémunération fixe versée sur 13 moisRTTIntéressement, participation et abondementPlan épargne entreprise et PERCOContrat de santé collectifPrévoyanceRetraite supplémentaire prise en charge à 100% par lemployeurConditions bancaires et assurances préférentiellesPolitique parentale avantageuse Ce que nous allons aimer chez vous Diplômé dun Bac+5 scientifique, vous possédez une expérience professionnelle de 3/5 ans en développements en Python et possédez une réelle expertise en Machine Learning/Deep Learning. Vous savez faire preuve dautonomie en conception et évaluation dalgorithmes et de modèles.Vous avez déjà travaillé en méthodologie de développement agile et vous maîtrisez langlais écrit et parlé. Autonome et organisé(e), vous faites preuve d'initiatives et d'esprit de synthèse. Vous possédez de bonnes qualités relationnelles et aimez travailler en équipe. Vous avez le souci du respect des normes et standards qualité.","
Contrat à durée indéterminée

Contrat travail
",unspecified,unspecified,unspecified,Unspecified,Expérience exigée de 36 Mois,Contrat à durée indéterminée,False
4430910,https://candidat.pole-emploi.fr/offres/recherche/detail/4430910,2024-04-03,Offre d'emploi Analyste développeur - data scientist (H/F) - 67 - ITTENHEIM - 4430910 | France Travail,67 - ITTENHEIM,"Qui sommes-nous ?Euro-Information, filiale technologique de Crédit Mutuel Alliance Fédérale, conçoit, réalise, maintient et exploite un système dinformation commun utilisé par le Groupe.Les activités de développement et de production informatique au niveau national et international sont assurées par environ 4000 salariés répartis sur plusieurs sites géographiques au niveau national : Strasbourg, Nancy, Dijon, Orléans, Lyon, Lille, Cergy, Val de Fontenay, Paris et Nantes.Première Banque à adopter le statut dentreprise à mission, le Crédit Mutuel Alliance Fédérale sinvestit et sengage dans différentes missions sociales et environnementales :Laccompagnement de tous par notre organisation coopérative et mutualiste reste au cœur de notre ADN.La technologie au service de lhumain est une référence dans notre monde connecté.La solidarité et léco-responsabilité deviennent des axes clés dans notre développement.Notre raison dêtre : Ensemble, Ecouter et Agir. Vos missions Larrivée à maturité de solutions informatiques permettant un traitement automatique du langage naturel ainsi quun apprentissage par lexemple a ouvert à Crédit Mutuel Alliance Fédérale de nouvelles perspectives pour mieux assister les collaborateurs et mieux servir leurs clients.Le Groupe a donc décidé dinvestir fortement dans linformatique cognitive : nous avons été la première entreprise à mettre en œuvre la technologie IBM Watson en France.Plusieurs solutions dites « cognitives » ont ainsi été déployées : Assistants Virtuels (chatbot), Analyseurs demails, Assistant Vocal téléphonique.Au sein de léquipe en charge de concevoir, déployer et maintenir les services en Machine Learning liés aux solutions cognitives du groupe, vos missions seront les suivantes :Réaliser des études initiales pour évaluer le coût et les gains potentiels dutilisation du Machine LearningConcevoir des algorithmes et des modèles performants répondant aux différents besoins métierConcevoir et rédiger des spécifications fonctionnelles et techniquesGérer les demandes dévolution, organiser les déploiements, le suivi et la maintenance en productionTravailler en mode projet dans le respect du Système de Management de la QualitéAssurer un travail de vieille scientifique notamment via lanimation de formations internes Ce que vous allez vivre chez nousTélétravail (2 jours par semaine)Rémunération fixe versée sur 13 moisRTTIntéressement, participation et abondementPlan épargne entreprise et PERCOContrat de santé collectifPrévoyanceRetraite supplémentaire prise en charge à 100% par lemployeurConditions bancaires et assurances préférentiellesPolitique parentale avantageuse Ce que nous allons aimer chez vous Diplômé dun Bac+5 scientifique, vous possédez une expérience professionnelle de 3/5 ans en développements en Python et possédez une réelle expertise en Machine Learning/Deep Learning. Vous savez faire preuve dautonomie en conception et évaluation dalgorithmes et de modèles.Vous avez déjà travaillé en méthodologie de développement agile et vous maîtrisez langlais écrit et parlé. Autonome et organisé(e), vous faites preuve d'initiatives et d'esprit de synthèse. Vous possédez de bonnes qualités relationnelles et aimez travailler en équipe. Vous avez le souci du respect des normes et standards qualité.","
Contrat à durée indéterminée

Contrat travail
",unspecified,unspecified,unspecified,Unspecified,Expérience exigée de 36 Mois,Contrat à durée indéterminée,False
4428894,https://candidat.pole-emploi.fr/offres/recherche/detail/4428894,2024-04-03,Offre d'emploi Data Scientist Industriel F/H (H/F) - 92 - COURBEVOIE - 4428894 | France Travail,92 - COURBEVOIE,"Description de la missionDirectement rattaché(e) à la Direction des SI du groupe, vous aurez en charge les missions suivantes :Contribuer directement à la Stratégie Data du Groupe et à son déploiement, au service de l'amélioration de la Qualité et de la PerformanceÊtre en interface avec les « clients » internes, pour identifier les opportunités d'amélioration des procédés industriels (soudage, assemblage, métallurgie, conception et production électronique, maintenance prédictive.)Piloter des projets de transformation digitale, en faisant appel aux meilleures techniques disponibles d'analyse et de traitement des données (régression, séries temporelles, modèles probabilistes, apprentissage supervisé et non-supervisé, deep learning..)Communiquer efficacement au travers de la visualisation des données, des tableaux de bord interactifs, et pour faciliter la prise de décisionCollaborer au sein du réseau des Data Scientists, et contribuer à l'accroissement continu des compétences en Data Science. Profil Vous êtes au minimum diplômé(e) d'un master en Mathématiques Appliquées / Data Science ou d'un diplôme d'ingénieur.Vous disposez de très bonnes bases mathématiques (algèbre linéaire, probabilités et statistiques) et d'une très bonne connaissance des techniques de Data Science.Vous avez une expérience réussie dans le domaine industriel.Vous comprenez les limites de ces techniques et savez comment les modifier ou les dériver pour obtenir des résultats robustes.Vous disposez d'une bonne connaissance du langage de développement Python.Vous savez faire preuve d'une grande autonomie, d'une bonne organisation et d'esprit d'initiative.Vous savez coordonner des actions transverses, naviguer au sein d'une organisation mondiale et aimez travailler en équipe. Vous avez le désir de résoudre des problèmes difficiles en équipe et de contribuer à développer un environnement inclusif et intellectuellement stimulant.Capable d'écoute, pragmatique et tenace, vous avez l'ambition nécessaire pour incarner la vision de transformation du groupe, et être celui qui en fera un « role model » mondial dans le secteur des services nucléaire et au-delà.Par vos qualités professionnelles et interpersonnelles, vous êtes également capable de devenir le « thought partner » de choix des membres des comités de direction des sites industrielsCritères candidat Niveau d'études min. requisBac+5 Niveau d'expérience min. requisExpérimenté (5 ans et plus) Niveau d'emploiCadre","
Contrat à durée indéterminée

Contrat travail
",unspecified,unspecified,unspecified,Unspecified,Expérience exigée de 60 Mois,Contrat à durée indéterminée,False
4428546,https://candidat.pole-emploi.fr/offres/recherche/detail/4428546,2024-04-03,Offre d'emploi Data Analyst / Data Scientist (H/F) - 92 - GENNEVILLIERS - 4428546 | France Travail,92 - GENNEVILLIERS,"Descriptif du poste : Nous recherchons pour notre département R&D Instruments Plateformes Systèmes, un Data Analyst / Data Scientist (H/F) pour un contrat en CDI.Vous êtes en charge de participer à l'exploitation des données des instruments Stago en réalisant des explorations de données basées sur des indicateurs statistiques.Vous rejoindrez une équipe de trois personnes, pour assurer les missions suivantes : Explorer les données disponibles dans le lac de données, faire le lien avec les interventions techniques pour mettre en place des algorithmes de détection d'anomalies et identifier les tendances révélatrices de problématiques instruments.Mettre en place des tables prototypes afin d'enrichir les exploitations de données actuelles.Vérifier la qualité des données, mettre en place des indicateurs de suivi, s'assurer de leur exploitation par les clients internes et réaliser les évolutions demandées.Participer à la mise en place de manipulations de reproduction de défaillance sur instrument au sein du Lab R2S Connect et à leur analyse. Vous travaillerez en interaction régulière avec les différentes équipes amont et aval œuvrant sur le projet. Votre curiosité et votre esprit d'analyse et de synthèse contribuera à identifier les indicateurs les plus pertinents afin de les partager avec les clients internes.Une formation à l'hémostase et à nos produits sera assurée dès votre intégration. Profil Profil recherché : Ce que nous recherchons : Diplôme : Bac + 5 en data science, data engineering, informatique ou statistiqueNombre d'expérience : une expérience dans le domaine de la data (stage ou apprentissage accepté) en tant que Data Scientist, Data Analyst ou Data EngineerCompétences techniques : Vous disposez de compétences techniques en SQL, en Python 3 ainsi que des compétences en statistiques et dans la manipulation des données. Des notions de pyspark et Power BI sont un plus. La maîtrise de l'anglais (lu, écrit, parlé) est demandée.Compétences comportementales : L'organisation, la rigueur, l'autonomie, la curiosité associée à votre capacité de synthèse et de communication seront les qualités essentielles à la réussite de vos missions. Ce poste, à pourvoir dès à présent, est basé à Gennevilliers (RER C station Les Grésillons / Gennevilliers).Rejoindre STAGO c'est : Evoluer dans un domaine caractérisé par l'innovation technologiqueDévelopper votre expertise via notre centre de formation interneTravailler dans une entreprise qui favorise le bien-être : accord télétravail, horaires de travail variables, crèche d'entreprise, participation, intéressement, PERCO, protection sociale, tickets restaurant.","
Contrat à durée indéterminée

Contrat travail
",unspecified,unspecified,unspecified,Unspecified,Expérience exigée,Contrat à durée indéterminée,False
4428030,https://candidat.pole-emploi.fr/offres/recherche/detail/4428030,2024-04-03,Offre d'emploi Ingénieur données (Data Scientist) H/F - 92 - NANTERRE - 4428030 | France Travail,92 - NANTERRE,"MissionEn tant que data scientist, votre mission principale sera daccompagner le déploiement de la feuille de route en data science de lIRSN pour faciliter lexploitation du potentiel des données de linstitut en collaboration avec les métiers et de répondre aux enjeux de lusage des technologies dIA dans le domaine de la sûreté nucléaire et de la radioprotection. Vous assurez les activités suivantes :- Valorisation des donnéesAccompagner les collaborateurs des unités métiers dans le traitement, lanalyse et la modélisation de leurs données de la phase dexpérimentation (POC, MVP) à la phase dindustrialisation (gestion de flux de données, développement de pipeline danalyse,)Participer aux chantiers de la feuille de route en IA (IA générative, IA de confiance, MLOpsParticiper au déploiement et à la gestion denvironnements et doutils de data science (dataiku, jupyterhub, infrastructure de calculs, cloud, etc.)Animation et formationContribuer à lanimation de la communauté scientifique et technique sur les enjeux de valorisation des donnéesContribuer à lacculturation et à la montée en compétences en data science au sein de lInstitut.Veille technologique : rester en alerte sur les technologies et les solutions en data science et IA (participer à des conférences et séminaires) Profil recherché FormationVous êtes titulaire d'un diplôme dingénieur ou dun master spécialisé data science/IA et vous avez une expérience dau moins 1 an dans le domaine.Compétences techniques* Forte expertise en python avec la maitrise dun langage supplémentaire (R, Matlab, C, C++).* Maîtrise de lanalyse des données (statistiques, visualisation des données/BI) et des méthodes en IA (Machine Learning/deep learning). Une expérience dans des projets de data science en TAL, traitement de limage ou traitement du signal serait appréciée.* Expérience des outils dautomatisation et dorchestration intégrés ainsi que dautres outils de DevOps (git, CI/CD, docker, Kubernetes, etc.).* Connaissance des outils dETL et de base de données (SQL, PostgreSQL, NoSQL). Une connaissance des technologies du Big Data des outils de gestion des flux de données (Spark, kafka, Airflow, etc) est un plus.* Bonne capacité rédactionnelleCompétences humainesForce de proposition, aime mobiliser un collectif et travailler en équipe, curiosité et capacité à sintéresser à des sujets très variés, rigueur.Bonne culture scientifique TélétravailOccasionnel Informations complémentairesLa diversité est une des composantes de la politique RSE, RH et Qualité de Vie au Travail à l'IRSN. Par conséquent, nous accordons la même considération à toutes les candidatures, sans discrimination, pour inclure tous les talents.Quelles que soient les différences, nous souhaitons attirer, intégrer et fidéliser nos candidats et nos collaborateurs au sein d'un environnement de travail inclusif. Localisation du poste Localisation du posteEurope, France, Ile-de-France, Hauts-de-Seine","
Contrat à durée indéterminée

Contrat travail
",unspecified,unspecified,unspecified,Unspecified,Expérience exigée de 12 Mois,Contrat à durée indéterminée,False
4426680,https://candidat.pole-emploi.fr/offres/recherche/detail/4426680,2024-04-03,Offre d'emploi Data Scientist H/F - 92 - MONTROUGE - 4426680 | France Travail,92 - MONTROUGE,Description du poste Vous rejoindrez le : pole optimisation du service Conformité et Système.Vous aurez pour missions principales de :Développer les nouveaux modèles dintelligence artificielle et contribuer aux évolutions des modèles existants.Piloter les modèles mis en œuvre.Etre force de proposition quant aux solutions quantitatives mais également logicielles (devops).Maintenir une veille technologique sur létat de lart.Entretenir une culture des enjeux et pratiques de la Conformité.Appuyer quantitativement les besoins de la direction.Éclairer les collaborateurs sur les solutions quantitatives.Représenter le pole auprès des entités de contrôles mais aussi des entités académiques.,"
Contrat à durée indéterminée

Contrat travail
",unspecified,unspecified,unspecified,Unspecified,Expérience exigée de 36 Mois,Contrat à durée indéterminée,False
4424439,https://candidat.pole-emploi.fr/offres/recherche/detail/4424439,2024-04-03,Offre d'emploi Data Scientist (H/F) - 67 - STRASBOURG - 4424439 | France Travail,67 - STRASBOURG,"D'abord quiD'abord quiMéthodique, le respect des process et procédure est votre clé de réussiteAutonome, vous savez mener vos missions à bien sans aideForce de proposition, vous êtes le roi des nouvelles idées pour améliorer les projetsPassionné, vous vous réveillez chaque matin avec l'envie d'en savoir plusInvesti, vous vous dépensez sans compterEnsuite quoiEnsuite quoiDiplômé(e) d'une école d'ingénieurs ou équivalent Bac +5, vous avez 3 ans d'expérience en Data, idéalement dans un contexte Agile/Scrum.Vous serez intégré à une équipe DATA composée de Business Analyst, Data Scientist et Data Engineer.A ce titre, vous interviendrez de façon opérationnelle sur des missions de conseils autour de la transformation Data Analytics.Vos missions :Maitrise de l'écosystème Microsoft Azure Data Factory, Azure Data Lake est un plusMaitrise Technologie autour de la data : Power BI, Spark, Airflow, Python, Scala.Maitrise des bonnes pratiques de développement et méthodes agilesBase de données : SQL, Postgré SQL (Paas) et modélisation de la donnéeConnaissance des systèmes de gestionnaire de conteneur (Kubernetes,...)Connaissance des outils de déploiements : Jenkins, Git, maven, AnsibleQualités relationnelles et capacité à gérer nombreuses interactionsDynamisme, autonomie et envie de découvrir des manières différentes/innovantes de faire","
Contrat à durée indéterminée

Contrat travail
",unspecified,unspecified,unspecified,Unspecified,Expérience exigée de 36 Mois,Contrat à durée indéterminée,False
4424195,https://candidat.pole-emploi.fr/offres/recherche/detail/4424195,2024-04-03,Offre d'emploi Analyste développeur - data scientist (H/F) - 67 - OBERSCHAEFFOLSHEIM - 4424195 | France Travail,67 - OBERSCHAEFFOLSHEIM,"Qui sommes-nous ?Euro-Information, filiale technologique de Crédit Mutuel Alliance Fédérale, conçoit, réalise, maintient et exploite un système dinformation commun utilisé par le Groupe.Les activités de développement et de production informatique au niveau national et international sont assurées par environ 4000 salariés répartis sur plusieurs sites géographiques au niveau national : Strasbourg, Nancy, Dijon, Orléans, Lyon, Lille, Cergy, Val de Fontenay, Paris et Nantes.Première Banque à adopter le statut dentreprise à mission, le Crédit Mutuel Alliance Fédérale sinvestit et sengage dans différentes missions sociales et environnementales :Laccompagnement de tous par notre organisation coopérative et mutualiste reste au cœur de notre ADN.La technologie au service de lhumain est une référence dans notre monde connecté.La solidarité et léco-responsabilité deviennent des axes clés dans notre développement.Notre raison dêtre : Ensemble, Ecouter et Agir. Vos missions Larrivée à maturité de solutions informatiques permettant un traitement automatique du langage naturel ainsi quun apprentissage par lexemple a ouvert à Crédit Mutuel Alliance Fédérale de nouvelles perspectives pour mieux assister les collaborateurs et mieux servir leurs clients.Le Groupe a donc décidé dinvestir fortement dans linformatique cognitive : nous avons été la première entreprise à mettre en œuvre la technologie IBM Watson en France.Plusieurs solutions dites « cognitives » ont ainsi été déployées : Assistants Virtuels (chatbot), Analyseurs demails, Assistant Vocal téléphonique.Au sein de léquipe en charge de concevoir, déployer et maintenir les services en Machine Learning liés aux solutions cognitives du groupe, vos missions seront les suivantes :Réaliser des études initiales pour évaluer le coût et les gains potentiels dutilisation du Machine LearningConcevoir des algorithmes et des modèles performants répondant aux différents besoins métierConcevoir et rédiger des spécifications fonctionnelles et techniquesGérer les demandes dévolution, organiser les déploiements, le suivi et la maintenance en productionTravailler en mode projet dans le respect du Système de Management de la QualitéAssurer un travail de vieille scientifique notamment via lanimation de formations internes Ce que vous allez vivre chez nousTélétravail (2 jours par semaine)Rémunération fixe versée sur 13 moisRTTIntéressement, participation et abondementPlan épargne entreprise et PERCOContrat de santé collectifPrévoyanceRetraite supplémentaire prise en charge à 100% par lemployeurConditions bancaires et assurances préférentiellesPolitique parentale avantageuse Ce que nous allons aimer chez vous Diplômé dun Bac+5 scientifique, vous possédez une expérience professionnelle de 3/5 ans en développements en Python et possédez une réelle expertise en Machine Learning/Deep Learning. Vous savez faire preuve dautonomie en conception et évaluation dalgorithmes et de modèles.Vous avez déjà travaillé en méthodologie de développement agile et vous maîtrisez langlais écrit et parlé. Autonome et organisé(e), vous faites preuve d'initiatives et d'esprit de synthèse. Vous possédez de bonnes qualités relationnelles et aimez travailler en équipe. Vous avez le souci du respect des normes et standards qualité.","
Contrat à durée indéterminée

Contrat travail
",unspecified,unspecified,unspecified,Unspecified,Expérience exigée de 36 Mois,Contrat à durée indéterminée,False
4424190,https://candidat.pole-emploi.fr/offres/recherche/detail/4424190,2024-04-03,Offre d'emploi Analyste développeur - data scientist (H/F) - 67 - LINGOLSHEIM - 4424190 | France Travail,67 - LINGOLSHEIM,"Qui sommes-nous ?Euro-Information, filiale technologique de Crédit Mutuel Alliance Fédérale, conçoit, réalise, maintient et exploite un système dinformation commun utilisé par le Groupe.Les activités de développement et de production informatique au niveau national et international sont assurées par environ 4000 salariés répartis sur plusieurs sites géographiques au niveau national : Strasbourg, Nancy, Dijon, Orléans, Lyon, Lille, Cergy, Val de Fontenay, Paris et Nantes.Première Banque à adopter le statut dentreprise à mission, le Crédit Mutuel Alliance Fédérale sinvestit et sengage dans différentes missions sociales et environnementales :Laccompagnement de tous par notre organisation coopérative et mutualiste reste au cœur de notre ADN.La technologie au service de lhumain est une référence dans notre monde connecté.La solidarité et léco-responsabilité deviennent des axes clés dans notre développement.Notre raison dêtre : Ensemble, Ecouter et Agir. Vos missions Larrivée à maturité de solutions informatiques permettant un traitement automatique du langage naturel ainsi quun apprentissage par lexemple a ouvert à Crédit Mutuel Alliance Fédérale de nouvelles perspectives pour mieux assister les collaborateurs et mieux servir leurs clients.Le Groupe a donc décidé dinvestir fortement dans linformatique cognitive : nous avons été la première entreprise à mettre en œuvre la technologie IBM Watson en France.Plusieurs solutions dites « cognitives » ont ainsi été déployées : Assistants Virtuels (chatbot), Analyseurs demails, Assistant Vocal téléphonique.Au sein de léquipe en charge de concevoir, déployer et maintenir les services en Machine Learning liés aux solutions cognitives du groupe, vos missions seront les suivantes :Réaliser des études initiales pour évaluer le coût et les gains potentiels dutilisation du Machine LearningConcevoir des algorithmes et des modèles performants répondant aux différents besoins métierConcevoir et rédiger des spécifications fonctionnelles et techniquesGérer les demandes dévolution, organiser les déploiements, le suivi et la maintenance en productionTravailler en mode projet dans le respect du Système de Management de la QualitéAssurer un travail de vieille scientifique notamment via lanimation de formations internes Ce que vous allez vivre chez nousTélétravail (2 jours par semaine)Rémunération fixe versée sur 13 moisRTTIntéressement, participation et abondementPlan épargne entreprise et PERCOContrat de santé collectifPrévoyanceRetraite supplémentaire prise en charge à 100% par lemployeurConditions bancaires et assurances préférentiellesPolitique parentale avantageuse Ce que nous allons aimer chez vous Diplômé dun Bac+5 scientifique, vous possédez une expérience professionnelle de 3/5 ans en développements en Python et possédez une réelle expertise en Machine Learning/Deep Learning. Vous savez faire preuve dautonomie en conception et évaluation dalgorithmes et de modèles.Vous avez déjà travaillé en méthodologie de développement agile et vous maîtrisez langlais écrit et parlé. Autonome et organisé(e), vous faites preuve d'initiatives et d'esprit de synthèse. Vous possédez de bonnes qualités relationnelles et aimez travailler en équipe. Vous avez le souci du respect des normes et standards qualité.","
Contrat à durée indéterminée

Contrat travail
",unspecified,unspecified,unspecified,Unspecified,Expérience exigée de 36 Mois,Contrat à durée indéterminée,False
4423989,https://candidat.pole-emploi.fr/offres/recherche/detail/4423989,2024-04-03,Offre d'emploi Analyste développeur - data scientist (H/F) - 67 - HOENHEIM - 4423989 | France Travail,67 - HOENHEIM,"Qui sommes-nous ?Euro-Information, filiale technologique de Crédit Mutuel Alliance Fédérale, conçoit, réalise, maintient et exploite un système dinformation commun utilisé par le Groupe.Les activités de développement et de production informatique au niveau national et international sont assurées par environ 4000 salariés répartis sur plusieurs sites géographiques au niveau national : Strasbourg, Nancy, Dijon, Orléans, Lyon, Lille, Cergy, Val de Fontenay, Paris et Nantes.Première Banque à adopter le statut dentreprise à mission, le Crédit Mutuel Alliance Fédérale sinvestit et sengage dans différentes missions sociales et environnementales :Laccompagnement de tous par notre organisation coopérative et mutualiste reste au cœur de notre ADN.La technologie au service de lhumain est une référence dans notre monde connecté.La solidarité et léco-responsabilité deviennent des axes clés dans notre développement.Notre raison dêtre : Ensemble, Ecouter et Agir. Vos missions Larrivée à maturité de solutions informatiques permettant un traitement automatique du langage naturel ainsi quun apprentissage par lexemple a ouvert à Crédit Mutuel Alliance Fédérale de nouvelles perspectives pour mieux assister les collaborateurs et mieux servir leurs clients.Le Groupe a donc décidé dinvestir fortement dans linformatique cognitive : nous avons été la première entreprise à mettre en œuvre la technologie IBM Watson en France.Plusieurs solutions dites « cognitives » ont ainsi été déployées : Assistants Virtuels (chatbot), Analyseurs demails, Assistant Vocal téléphonique.Au sein de léquipe en charge de concevoir, déployer et maintenir les services en Machine Learning liés aux solutions cognitives du groupe, vos missions seront les suivantes :Réaliser des études initiales pour évaluer le coût et les gains potentiels dutilisation du Machine LearningConcevoir des algorithmes et des modèles performants répondant aux différents besoins métierConcevoir et rédiger des spécifications fonctionnelles et techniquesGérer les demandes dévolution, organiser les déploiements, le suivi et la maintenance en productionTravailler en mode projet dans le respect du Système de Management de la QualitéAssurer un travail de vieille scientifique notamment via lanimation de formations internes Ce que vous allez vivre chez nousTélétravail (2 jours par semaine)Rémunération fixe versée sur 13 moisRTTIntéressement, participation et abondementPlan épargne entreprise et PERCOContrat de santé collectifPrévoyanceRetraite supplémentaire prise en charge à 100% par lemployeurConditions bancaires et assurances préférentiellesPolitique parentale avantageuse Ce que nous allons aimer chez vous Diplômé dun Bac+5 scientifique, vous possédez une expérience professionnelle de 3/5 ans en développements en Python et possédez une réelle expertise en Machine Learning/Deep Learning. Vous savez faire preuve dautonomie en conception et évaluation dalgorithmes et de modèles.Vous avez déjà travaillé en méthodologie de développement agile et vous maîtrisez langlais écrit et parlé. Autonome et organisé(e), vous faites preuve d'initiatives et d'esprit de synthèse. Vous possédez de bonnes qualités relationnelles et aimez travailler en équipe. Vous avez le souci du respect des normes et standards qualité.","
Contrat à durée indéterminée

Contrat travail
",unspecified,unspecified,unspecified,Unspecified,Expérience exigée de 36 Mois,Contrat à durée indéterminée,False
4423856,https://candidat.pole-emploi.fr/offres/recherche/detail/4423856,2024-04-03,Offre d'emploi Analyste développeur - data scientist (H/F) - 67 - PLOBSHEIM - 4423856 | France Travail,67 - PLOBSHEIM,"Qui sommes-nous ?Euro-Information, filiale technologique de Crédit Mutuel Alliance Fédérale, conçoit, réalise, maintient et exploite un système dinformation commun utilisé par le Groupe.Les activités de développement et de production informatique au niveau national et international sont assurées par environ 4000 salariés répartis sur plusieurs sites géographiques au niveau national : Strasbourg, Nancy, Dijon, Orléans, Lyon, Lille, Cergy, Val de Fontenay, Paris et Nantes.Première Banque à adopter le statut dentreprise à mission, le Crédit Mutuel Alliance Fédérale sinvestit et sengage dans différentes missions sociales et environnementales :Laccompagnement de tous par notre organisation coopérative et mutualiste reste au cœur de notre ADN.La technologie au service de lhumain est une référence dans notre monde connecté.La solidarité et léco-responsabilité deviennent des axes clés dans notre développement.Notre raison dêtre : Ensemble, Ecouter et Agir. Vos missions Larrivée à maturité de solutions informatiques permettant un traitement automatique du langage naturel ainsi quun apprentissage par lexemple a ouvert à Crédit Mutuel Alliance Fédérale de nouvelles perspectives pour mieux assister les collaborateurs et mieux servir leurs clients.Le Groupe a donc décidé dinvestir fortement dans linformatique cognitive : nous avons été la première entreprise à mettre en œuvre la technologie IBM Watson en France.Plusieurs solutions dites « cognitives » ont ainsi été déployées : Assistants Virtuels (chatbot), Analyseurs demails, Assistant Vocal téléphonique.Au sein de léquipe en charge de concevoir, déployer et maintenir les services en Machine Learning liés aux solutions cognitives du groupe, vos missions seront les suivantes :Réaliser des études initiales pour évaluer le coût et les gains potentiels dutilisation du Machine LearningConcevoir des algorithmes et des modèles performants répondant aux différents besoins métierConcevoir et rédiger des spécifications fonctionnelles et techniquesGérer les demandes dévolution, organiser les déploiements, le suivi et la maintenance en productionTravailler en mode projet dans le respect du Système de Management de la QualitéAssurer un travail de vieille scientifique notamment via lanimation de formations internes Ce que vous allez vivre chez nousTélétravail (2 jours par semaine)Rémunération fixe versée sur 13 moisRTTIntéressement, participation et abondementPlan épargne entreprise et PERCOContrat de santé collectifPrévoyanceRetraite supplémentaire prise en charge à 100% par lemployeurConditions bancaires et assurances préférentiellesPolitique parentale avantageuse Ce que nous allons aimer chez vous Diplômé dun Bac+5 scientifique, vous possédez une expérience professionnelle de 3/5 ans en développements en Python et possédez une réelle expertise en Machine Learning/Deep Learning. Vous savez faire preuve dautonomie en conception et évaluation dalgorithmes et de modèles.Vous avez déjà travaillé en méthodologie de développement agile et vous maîtrisez langlais écrit et parlé. Autonome et organisé(e), vous faites preuve d'initiatives et d'esprit de synthèse. Vous possédez de bonnes qualités relationnelles et aimez travailler en équipe. Vous avez le souci du respect des normes et standards qualité.","
Contrat à durée indéterminée

Contrat travail
",unspecified,unspecified,unspecified,Unspecified,Expérience exigée de 36 Mois,Contrat à durée indéterminée,False
4423799,https://candidat.pole-emploi.fr/offres/recherche/detail/4423799,2024-04-03,Offre d'emploi Analyste développeur - data scientist (H/F) - 67 - MITTELHAUSBERGEN - 4423799 | France Travail,67 - MITTELHAUSBERGEN,"Qui sommes-nous ?Euro-Information, filiale technologique de Crédit Mutuel Alliance Fédérale, conçoit, réalise, maintient et exploite un système dinformation commun utilisé par le Groupe.Les activités de développement et de production informatique au niveau national et international sont assurées par environ 4000 salariés répartis sur plusieurs sites géographiques au niveau national : Strasbourg, Nancy, Dijon, Orléans, Lyon, Lille, Cergy, Val de Fontenay, Paris et Nantes.Première Banque à adopter le statut dentreprise à mission, le Crédit Mutuel Alliance Fédérale sinvestit et sengage dans différentes missions sociales et environnementales :Laccompagnement de tous par notre organisation coopérative et mutualiste reste au cœur de notre ADN.La technologie au service de lhumain est une référence dans notre monde connecté.La solidarité et léco-responsabilité deviennent des axes clés dans notre développement.Notre raison dêtre : Ensemble, Ecouter et Agir. Vos missions Larrivée à maturité de solutions informatiques permettant un traitement automatique du langage naturel ainsi quun apprentissage par lexemple a ouvert à Crédit Mutuel Alliance Fédérale de nouvelles perspectives pour mieux assister les collaborateurs et mieux servir leurs clients.Le Groupe a donc décidé dinvestir fortement dans linformatique cognitive : nous avons été la première entreprise à mettre en œuvre la technologie IBM Watson en France.Plusieurs solutions dites « cognitives » ont ainsi été déployées : Assistants Virtuels (chatbot), Analyseurs demails, Assistant Vocal téléphonique.Au sein de léquipe en charge de concevoir, déployer et maintenir les services en Machine Learning liés aux solutions cognitives du groupe, vos missions seront les suivantes :Réaliser des études initiales pour évaluer le coût et les gains potentiels dutilisation du Machine LearningConcevoir des algorithmes et des modèles performants répondant aux différents besoins métierConcevoir et rédiger des spécifications fonctionnelles et techniquesGérer les demandes dévolution, organiser les déploiements, le suivi et la maintenance en productionTravailler en mode projet dans le respect du Système de Management de la QualitéAssurer un travail de vieille scientifique notamment via lanimation de formations internes Ce que vous allez vivre chez nousTélétravail (2 jours par semaine)Rémunération fixe versée sur 13 moisRTTIntéressement, participation et abondementPlan épargne entreprise et PERCOContrat de santé collectifPrévoyanceRetraite supplémentaire prise en charge à 100% par lemployeurConditions bancaires et assurances préférentiellesPolitique parentale avantageuse Ce que nous allons aimer chez vous Diplômé dun Bac+5 scientifique, vous possédez une expérience professionnelle de 3/5 ans en développements en Python et possédez une réelle expertise en Machine Learning/Deep Learning. Vous savez faire preuve dautonomie en conception et évaluation dalgorithmes et de modèles.Vous avez déjà travaillé en méthodologie de développement agile et vous maîtrisez langlais écrit et parlé. Autonome et organisé(e), vous faites preuve d'initiatives et d'esprit de synthèse. Vous possédez de bonnes qualités relationnelles et aimez travailler en équipe. Vous avez le souci du respect des normes et standards qualité.","
Contrat à durée indéterminée

Contrat travail
",unspecified,unspecified,unspecified,Unspecified,Expérience exigée de 36 Mois,Contrat à durée indéterminée,False
4423761,https://candidat.pole-emploi.fr/offres/recherche/detail/4423761,2024-04-03,Offre d'emploi Analyste développeur - data scientist (H/F) - 67 - GEISPOLSHEIM - 4423761 | France Travail,67 - GEISPOLSHEIM,"Qui sommes-nous ?Euro-Information, filiale technologique de Crédit Mutuel Alliance Fédérale, conçoit, réalise, maintient et exploite un système dinformation commun utilisé par le Groupe.Les activités de développement et de production informatique au niveau national et international sont assurées par environ 4000 salariés répartis sur plusieurs sites géographiques au niveau national : Strasbourg, Nancy, Dijon, Orléans, Lyon, Lille, Cergy, Val de Fontenay, Paris et Nantes.Première Banque à adopter le statut dentreprise à mission, le Crédit Mutuel Alliance Fédérale sinvestit et sengage dans différentes missions sociales et environnementales :Laccompagnement de tous par notre organisation coopérative et mutualiste reste au cœur de notre ADN.La technologie au service de lhumain est une référence dans notre monde connecté.La solidarité et léco-responsabilité deviennent des axes clés dans notre développement.Notre raison dêtre : Ensemble, Ecouter et Agir. Vos missions Larrivée à maturité de solutions informatiques permettant un traitement automatique du langage naturel ainsi quun apprentissage par lexemple a ouvert à Crédit Mutuel Alliance Fédérale de nouvelles perspectives pour mieux assister les collaborateurs et mieux servir leurs clients.Le Groupe a donc décidé dinvestir fortement dans linformatique cognitive : nous avons été la première entreprise à mettre en œuvre la technologie IBM Watson en France.Plusieurs solutions dites « cognitives » ont ainsi été déployées : Assistants Virtuels (chatbot), Analyseurs demails, Assistant Vocal téléphonique.Au sein de léquipe en charge de concevoir, déployer et maintenir les services en Machine Learning liés aux solutions cognitives du groupe, vos missions seront les suivantes :Réaliser des études initiales pour évaluer le coût et les gains potentiels dutilisation du Machine LearningConcevoir des algorithmes et des modèles performants répondant aux différents besoins métierConcevoir et rédiger des spécifications fonctionnelles et techniquesGérer les demandes dévolution, organiser les déploiements, le suivi et la maintenance en productionTravailler en mode projet dans le respect du Système de Management de la QualitéAssurer un travail de vieille scientifique notamment via lanimation de formations internes Ce que vous allez vivre chez nousTélétravail (2 jours par semaine)Rémunération fixe versée sur 13 moisRTTIntéressement, participation et abondementPlan épargne entreprise et PERCOContrat de santé collectifPrévoyanceRetraite supplémentaire prise en charge à 100% par lemployeurConditions bancaires et assurances préférentiellesPolitique parentale avantageuse Ce que nous allons aimer chez vous Diplômé dun Bac+5 scientifique, vous possédez une expérience professionnelle de 3/5 ans en développements en Python et possédez une réelle expertise en Machine Learning/Deep Learning. Vous savez faire preuve dautonomie en conception et évaluation dalgorithmes et de modèles.Vous avez déjà travaillé en méthodologie de développement agile et vous maîtrisez langlais écrit et parlé. Autonome et organisé(e), vous faites preuve d'initiatives et d'esprit de synthèse. Vous possédez de bonnes qualités relationnelles et aimez travailler en équipe. Vous avez le souci du respect des normes et standards qualité.","
Contrat à durée indéterminée

Contrat travail
",unspecified,unspecified,unspecified,Unspecified,Expérience exigée de 36 Mois,Contrat à durée indéterminée,False
4423561,https://candidat.pole-emploi.fr/offres/recherche/detail/4423561,2024-04-03,Offre d'emploi Analyste développeur - data scientist (H/F) - 67 - SOUFFELWEYERSHEIM - 4423561 | France Travail,67 - SOUFFELWEYERSHEIM,"Qui sommes-nous ?Euro-Information, filiale technologique de Crédit Mutuel Alliance Fédérale, conçoit, réalise, maintient et exploite un système dinformation commun utilisé par le Groupe.Les activités de développement et de production informatique au niveau national et international sont assurées par environ 4000 salariés répartis sur plusieurs sites géographiques au niveau national : Strasbourg, Nancy, Dijon, Orléans, Lyon, Lille, Cergy, Val de Fontenay, Paris et Nantes.Première Banque à adopter le statut dentreprise à mission, le Crédit Mutuel Alliance Fédérale sinvestit et sengage dans différentes missions sociales et environnementales :Laccompagnement de tous par notre organisation coopérative et mutualiste reste au cœur de notre ADN.La technologie au service de lhumain est une référence dans notre monde connecté.La solidarité et léco-responsabilité deviennent des axes clés dans notre développement.Notre raison dêtre : Ensemble, Ecouter et Agir. Vos missions Larrivée à maturité de solutions informatiques permettant un traitement automatique du langage naturel ainsi quun apprentissage par lexemple a ouvert à Crédit Mutuel Alliance Fédérale de nouvelles perspectives pour mieux assister les collaborateurs et mieux servir leurs clients.Le Groupe a donc décidé dinvestir fortement dans linformatique cognitive : nous avons été la première entreprise à mettre en œuvre la technologie IBM Watson en France.Plusieurs solutions dites « cognitives » ont ainsi été déployées : Assistants Virtuels (chatbot), Analyseurs demails, Assistant Vocal téléphonique.Au sein de léquipe en charge de concevoir, déployer et maintenir les services en Machine Learning liés aux solutions cognitives du groupe, vos missions seront les suivantes :Réaliser des études initiales pour évaluer le coût et les gains potentiels dutilisation du Machine LearningConcevoir des algorithmes et des modèles performants répondant aux différents besoins métierConcevoir et rédiger des spécifications fonctionnelles et techniquesGérer les demandes dévolution, organiser les déploiements, le suivi et la maintenance en productionTravailler en mode projet dans le respect du Système de Management de la QualitéAssurer un travail de vieille scientifique notamment via lanimation de formations internes Ce que vous allez vivre chez nousTélétravail (2 jours par semaine)Rémunération fixe versée sur 13 moisRTTIntéressement, participation et abondementPlan épargne entreprise et PERCOContrat de santé collectifPrévoyanceRetraite supplémentaire prise en charge à 100% par lemployeurConditions bancaires et assurances préférentiellesPolitique parentale avantageuse Ce que nous allons aimer chez vous Diplômé dun Bac+5 scientifique, vous possédez une expérience professionnelle de 3/5 ans en développements en Python et possédez une réelle expertise en Machine Learning/Deep Learning. Vous savez faire preuve dautonomie en conception et évaluation dalgorithmes et de modèles.Vous avez déjà travaillé en méthodologie de développement agile et vous maîtrisez langlais écrit et parlé. Autonome et organisé(e), vous faites preuve d'initiatives et d'esprit de synthèse. Vous possédez de bonnes qualités relationnelles et aimez travailler en équipe. Vous avez le souci du respect des normes et standards qualité.","
Contrat à durée indéterminée

Contrat travail
",unspecified,unspecified,unspecified,Unspecified,Expérience exigée de 36 Mois,Contrat à durée indéterminée,False
4423528,https://candidat.pole-emploi.fr/offres/recherche/detail/4423528,2024-04-03,Offre d'emploi Analyste développeur - data scientist (H/F) - 67 - DUPPIGHEIM - 4423528 | France Travail,67 - DUPPIGHEIM,"Qui sommes-nous ?Euro-Information, filiale technologique de Crédit Mutuel Alliance Fédérale, conçoit, réalise, maintient et exploite un système dinformation commun utilisé par le Groupe.Les activités de développement et de production informatique au niveau national et international sont assurées par environ 4000 salariés répartis sur plusieurs sites géographiques au niveau national : Strasbourg, Nancy, Dijon, Orléans, Lyon, Lille, Cergy, Val de Fontenay, Paris et Nantes.Première Banque à adopter le statut dentreprise à mission, le Crédit Mutuel Alliance Fédérale sinvestit et sengage dans différentes missions sociales et environnementales :Laccompagnement de tous par notre organisation coopérative et mutualiste reste au cœur de notre ADN.La technologie au service de lhumain est une référence dans notre monde connecté.La solidarité et léco-responsabilité deviennent des axes clés dans notre développement.Notre raison dêtre : Ensemble, Ecouter et Agir. Vos missions Larrivée à maturité de solutions informatiques permettant un traitement automatique du langage naturel ainsi quun apprentissage par lexemple a ouvert à Crédit Mutuel Alliance Fédérale de nouvelles perspectives pour mieux assister les collaborateurs et mieux servir leurs clients.Le Groupe a donc décidé dinvestir fortement dans linformatique cognitive : nous avons été la première entreprise à mettre en œuvre la technologie IBM Watson en France.Plusieurs solutions dites « cognitives » ont ainsi été déployées : Assistants Virtuels (chatbot), Analyseurs demails, Assistant Vocal téléphonique.Au sein de léquipe en charge de concevoir, déployer et maintenir les services en Machine Learning liés aux solutions cognitives du groupe, vos missions seront les suivantes :Réaliser des études initiales pour évaluer le coût et les gains potentiels dutilisation du Machine LearningConcevoir des algorithmes et des modèles performants répondant aux différents besoins métierConcevoir et rédiger des spécifications fonctionnelles et techniquesGérer les demandes dévolution, organiser les déploiements, le suivi et la maintenance en productionTravailler en mode projet dans le respect du Système de Management de la QualitéAssurer un travail de vieille scientifique notamment via lanimation de formations internes Ce que vous allez vivre chez nousTélétravail (2 jours par semaine)Rémunération fixe versée sur 13 moisRTTIntéressement, participation et abondementPlan épargne entreprise et PERCOContrat de santé collectifPrévoyanceRetraite supplémentaire prise en charge à 100% par lemployeurConditions bancaires et assurances préférentiellesPolitique parentale avantageuse Ce que nous allons aimer chez vous Diplômé dun Bac+5 scientifique, vous possédez une expérience professionnelle de 3/5 ans en développements en Python et possédez une réelle expertise en Machine Learning/Deep Learning. Vous savez faire preuve dautonomie en conception et évaluation dalgorithmes et de modèles.Vous avez déjà travaillé en méthodologie de développement agile et vous maîtrisez langlais écrit et parlé. Autonome et organisé(e), vous faites preuve d'initiatives et d'esprit de synthèse. Vous possédez de bonnes qualités relationnelles et aimez travailler en équipe. Vous avez le souci du respect des normes et standards qualité.","
Contrat à durée indéterminée

Contrat travail
",unspecified,unspecified,unspecified,Unspecified,Expérience exigée de 36 Mois,Contrat à durée indéterminée,False
4423525,https://candidat.pole-emploi.fr/offres/recherche/detail/4423525,2024-04-03,Offre d'emploi Analyste développeur - data scientist (H/F) - 67 - OBERHAUSBERGEN - 4423525 | France Travail,67 - OBERHAUSBERGEN,"Qui sommes-nous ?Euro-Information, filiale technologique de Crédit Mutuel Alliance Fédérale, conçoit, réalise, maintient et exploite un système dinformation commun utilisé par le Groupe.Les activités de développement et de production informatique au niveau national et international sont assurées par environ 4000 salariés répartis sur plusieurs sites géographiques au niveau national : Strasbourg, Nancy, Dijon, Orléans, Lyon, Lille, Cergy, Val de Fontenay, Paris et Nantes.Première Banque à adopter le statut dentreprise à mission, le Crédit Mutuel Alliance Fédérale sinvestit et sengage dans différentes missions sociales et environnementales :Laccompagnement de tous par notre organisation coopérative et mutualiste reste au cœur de notre ADN.La technologie au service de lhumain est une référence dans notre monde connecté.La solidarité et léco-responsabilité deviennent des axes clés dans notre développement.Notre raison dêtre : Ensemble, Ecouter et Agir. Vos missions Larrivée à maturité de solutions informatiques permettant un traitement automatique du langage naturel ainsi quun apprentissage par lexemple a ouvert à Crédit Mutuel Alliance Fédérale de nouvelles perspectives pour mieux assister les collaborateurs et mieux servir leurs clients.Le Groupe a donc décidé dinvestir fortement dans linformatique cognitive : nous avons été la première entreprise à mettre en œuvre la technologie IBM Watson en France.Plusieurs solutions dites « cognitives » ont ainsi été déployées : Assistants Virtuels (chatbot), Analyseurs demails, Assistant Vocal téléphonique.Au sein de léquipe en charge de concevoir, déployer et maintenir les services en Machine Learning liés aux solutions cognitives du groupe, vos missions seront les suivantes :Réaliser des études initiales pour évaluer le coût et les gains potentiels dutilisation du Machine LearningConcevoir des algorithmes et des modèles performants répondant aux différents besoins métierConcevoir et rédiger des spécifications fonctionnelles et techniquesGérer les demandes dévolution, organiser les déploiements, le suivi et la maintenance en productionTravailler en mode projet dans le respect du Système de Management de la QualitéAssurer un travail de vieille scientifique notamment via lanimation de formations internes Ce que vous allez vivre chez nousTélétravail (2 jours par semaine)Rémunération fixe versée sur 13 moisRTTIntéressement, participation et abondementPlan épargne entreprise et PERCOContrat de santé collectifPrévoyanceRetraite supplémentaire prise en charge à 100% par lemployeurConditions bancaires et assurances préférentiellesPolitique parentale avantageuse Ce que nous allons aimer chez vous Diplômé dun Bac+5 scientifique, vous possédez une expérience professionnelle de 3/5 ans en développements en Python et possédez une réelle expertise en Machine Learning/Deep Learning. Vous savez faire preuve dautonomie en conception et évaluation dalgorithmes et de modèles.Vous avez déjà travaillé en méthodologie de développement agile et vous maîtrisez langlais écrit et parlé. Autonome et organisé(e), vous faites preuve d'initiatives et d'esprit de synthèse. Vous possédez de bonnes qualités relationnelles et aimez travailler en équipe. Vous avez le souci du respect des normes et standards qualité.","
Contrat à durée indéterminée

Contrat travail
",unspecified,unspecified,unspecified,Unspecified,Expérience exigée de 36 Mois,Contrat à durée indéterminée,False
4423522,https://candidat.pole-emploi.fr/offres/recherche/detail/4423522,2024-04-03,Offre d'emploi Analyste développeur - data scientist (H/F) - 67 - ENTZHEIM - 4423522 | France Travail,67 - ENTZHEIM,"Qui sommes-nous ?Euro-Information, filiale technologique de Crédit Mutuel Alliance Fédérale, conçoit, réalise, maintient et exploite un système dinformation commun utilisé par le Groupe.Les activités de développement et de production informatique au niveau national et international sont assurées par environ 4000 salariés répartis sur plusieurs sites géographiques au niveau national : Strasbourg, Nancy, Dijon, Orléans, Lyon, Lille, Cergy, Val de Fontenay, Paris et Nantes.Première Banque à adopter le statut dentreprise à mission, le Crédit Mutuel Alliance Fédérale sinvestit et sengage dans différentes missions sociales et environnementales :Laccompagnement de tous par notre organisation coopérative et mutualiste reste au cœur de notre ADN.La technologie au service de lhumain est une référence dans notre monde connecté.La solidarité et léco-responsabilité deviennent des axes clés dans notre développement.Notre raison dêtre : Ensemble, Ecouter et Agir. Vos missions Larrivée à maturité de solutions informatiques permettant un traitement automatique du langage naturel ainsi quun apprentissage par lexemple a ouvert à Crédit Mutuel Alliance Fédérale de nouvelles perspectives pour mieux assister les collaborateurs et mieux servir leurs clients.Le Groupe a donc décidé dinvestir fortement dans linformatique cognitive : nous avons été la première entreprise à mettre en œuvre la technologie IBM Watson en France.Plusieurs solutions dites « cognitives » ont ainsi été déployées : Assistants Virtuels (chatbot), Analyseurs demails, Assistant Vocal téléphonique.Au sein de léquipe en charge de concevoir, déployer et maintenir les services en Machine Learning liés aux solutions cognitives du groupe, vos missions seront les suivantes :Réaliser des études initiales pour évaluer le coût et les gains potentiels dutilisation du Machine LearningConcevoir des algorithmes et des modèles performants répondant aux différents besoins métierConcevoir et rédiger des spécifications fonctionnelles et techniquesGérer les demandes dévolution, organiser les déploiements, le suivi et la maintenance en productionTravailler en mode projet dans le respect du Système de Management de la QualitéAssurer un travail de vieille scientifique notamment via lanimation de formations internes Ce que vous allez vivre chez nousTélétravail (2 jours par semaine)Rémunération fixe versée sur 13 moisRTTIntéressement, participation et abondementPlan épargne entreprise et PERCOContrat de santé collectifPrévoyanceRetraite supplémentaire prise en charge à 100% par lemployeurConditions bancaires et assurances préférentiellesPolitique parentale avantageuse Ce que nous allons aimer chez vous Diplômé dun Bac+5 scientifique, vous possédez une expérience professionnelle de 3/5 ans en développements en Python et possédez une réelle expertise en Machine Learning/Deep Learning. Vous savez faire preuve dautonomie en conception et évaluation dalgorithmes et de modèles.Vous avez déjà travaillé en méthodologie de développement agile et vous maîtrisez langlais écrit et parlé. Autonome et organisé(e), vous faites preuve d'initiatives et d'esprit de synthèse. Vous possédez de bonnes qualités relationnelles et aimez travailler en équipe. Vous avez le souci du respect des normes et standards qualité.","
Contrat à durée indéterminée

Contrat travail
",unspecified,unspecified,unspecified,Unspecified,Expérience exigée de 36 Mois,Contrat à durée indéterminée,False
4423515,https://candidat.pole-emploi.fr/offres/recherche/detail/4423515,2024-04-03,Offre d'emploi Analyste développeur - data scientist (H/F) - 67 - REICHSTETT - 4423515 | France Travail,67 - REICHSTETT,"Qui sommes-nous ?Euro-Information, filiale technologique de Crédit Mutuel Alliance Fédérale, conçoit, réalise, maintient et exploite un système dinformation commun utilisé par le Groupe.Les activités de développement et de production informatique au niveau national et international sont assurées par environ 4000 salariés répartis sur plusieurs sites géographiques au niveau national : Strasbourg, Nancy, Dijon, Orléans, Lyon, Lille, Cergy, Val de Fontenay, Paris et Nantes.Première Banque à adopter le statut dentreprise à mission, le Crédit Mutuel Alliance Fédérale sinvestit et sengage dans différentes missions sociales et environnementales :Laccompagnement de tous par notre organisation coopérative et mutualiste reste au cœur de notre ADN.La technologie au service de lhumain est une référence dans notre monde connecté.La solidarité et léco-responsabilité deviennent des axes clés dans notre développement.Notre raison dêtre : Ensemble, Ecouter et Agir. Vos missions Larrivée à maturité de solutions informatiques permettant un traitement automatique du langage naturel ainsi quun apprentissage par lexemple a ouvert à Crédit Mutuel Alliance Fédérale de nouvelles perspectives pour mieux assister les collaborateurs et mieux servir leurs clients.Le Groupe a donc décidé dinvestir fortement dans linformatique cognitive : nous avons été la première entreprise à mettre en œuvre la technologie IBM Watson en France.Plusieurs solutions dites « cognitives » ont ainsi été déployées : Assistants Virtuels (chatbot), Analyseurs demails, Assistant Vocal téléphonique.Au sein de léquipe en charge de concevoir, déployer et maintenir les services en Machine Learning liés aux solutions cognitives du groupe, vos missions seront les suivantes :Réaliser des études initiales pour évaluer le coût et les gains potentiels dutilisation du Machine LearningConcevoir des algorithmes et des modèles performants répondant aux différents besoins métierConcevoir et rédiger des spécifications fonctionnelles et techniquesGérer les demandes dévolution, organiser les déploiements, le suivi et la maintenance en productionTravailler en mode projet dans le respect du Système de Management de la QualitéAssurer un travail de vieille scientifique notamment via lanimation de formations internes Ce que vous allez vivre chez nousTélétravail (2 jours par semaine)Rémunération fixe versée sur 13 moisRTTIntéressement, participation et abondementPlan épargne entreprise et PERCOContrat de santé collectifPrévoyanceRetraite supplémentaire prise en charge à 100% par lemployeurConditions bancaires et assurances préférentiellesPolitique parentale avantageuse Ce que nous allons aimer chez vous Diplômé dun Bac+5 scientifique, vous possédez une expérience professionnelle de 3/5 ans en développements en Python et possédez une réelle expertise en Machine Learning/Deep Learning. Vous savez faire preuve dautonomie en conception et évaluation dalgorithmes et de modèles.Vous avez déjà travaillé en méthodologie de développement agile et vous maîtrisez langlais écrit et parlé. Autonome et organisé(e), vous faites preuve d'initiatives et d'esprit de synthèse. Vous possédez de bonnes qualités relationnelles et aimez travailler en équipe. Vous avez le souci du respect des normes et standards qualité.","
Contrat à durée indéterminée

Contrat travail
",unspecified,unspecified,unspecified,Unspecified,Expérience exigée de 36 Mois,Contrat à durée indéterminée,False
4423511,https://candidat.pole-emploi.fr/offres/recherche/detail/4423511,2024-04-03,Offre d'emploi Analyste développeur - data scientist (H/F) - 67 - HOERDT - 4423511 | France Travail,67 - HOERDT,"Qui sommes-nous ?Euro-Information, filiale technologique de Crédit Mutuel Alliance Fédérale, conçoit, réalise, maintient et exploite un système dinformation commun utilisé par le Groupe.Les activités de développement et de production informatique au niveau national et international sont assurées par environ 4000 salariés répartis sur plusieurs sites géographiques au niveau national : Strasbourg, Nancy, Dijon, Orléans, Lyon, Lille, Cergy, Val de Fontenay, Paris et Nantes.Première Banque à adopter le statut dentreprise à mission, le Crédit Mutuel Alliance Fédérale sinvestit et sengage dans différentes missions sociales et environnementales :Laccompagnement de tous par notre organisation coopérative et mutualiste reste au cœur de notre ADN.La technologie au service de lhumain est une référence dans notre monde connecté.La solidarité et léco-responsabilité deviennent des axes clés dans notre développement.Notre raison dêtre : Ensemble, Ecouter et Agir. Vos missions Larrivée à maturité de solutions informatiques permettant un traitement automatique du langage naturel ainsi quun apprentissage par lexemple a ouvert à Crédit Mutuel Alliance Fédérale de nouvelles perspectives pour mieux assister les collaborateurs et mieux servir leurs clients.Le Groupe a donc décidé dinvestir fortement dans linformatique cognitive : nous avons été la première entreprise à mettre en œuvre la technologie IBM Watson en France.Plusieurs solutions dites « cognitives » ont ainsi été déployées : Assistants Virtuels (chatbot), Analyseurs demails, Assistant Vocal téléphonique.Au sein de léquipe en charge de concevoir, déployer et maintenir les services en Machine Learning liés aux solutions cognitives du groupe, vos missions seront les suivantes :Réaliser des études initiales pour évaluer le coût et les gains potentiels dutilisation du Machine LearningConcevoir des algorithmes et des modèles performants répondant aux différents besoins métierConcevoir et rédiger des spécifications fonctionnelles et techniquesGérer les demandes dévolution, organiser les déploiements, le suivi et la maintenance en productionTravailler en mode projet dans le respect du Système de Management de la QualitéAssurer un travail de vieille scientifique notamment via lanimation de formations internes Ce que vous allez vivre chez nousTélétravail (2 jours par semaine)Rémunération fixe versée sur 13 moisRTTIntéressement, participation et abondementPlan épargne entreprise et PERCOContrat de santé collectifPrévoyanceRetraite supplémentaire prise en charge à 100% par lemployeurConditions bancaires et assurances préférentiellesPolitique parentale avantageuse Ce que nous allons aimer chez vous Diplômé dun Bac+5 scientifique, vous possédez une expérience professionnelle de 3/5 ans en développements en Python et possédez une réelle expertise en Machine Learning/Deep Learning. Vous savez faire preuve dautonomie en conception et évaluation dalgorithmes et de modèles.Vous avez déjà travaillé en méthodologie de développement agile et vous maîtrisez langlais écrit et parlé. Autonome et organisé(e), vous faites preuve d'initiatives et d'esprit de synthèse. Vous possédez de bonnes qualités relationnelles et aimez travailler en équipe. Vous avez le souci du respect des normes et standards qualité.","
Contrat à durée indéterminée

Contrat travail
",unspecified,unspecified,unspecified,Unspecified,Expérience exigée de 36 Mois,Contrat à durée indéterminée,False
4468194,https://candidat.pole-emploi.fr/offres/recherche/detail/4468194,2024-04-03,"Offre d'emploi chef projet data intelligence artificielle F/H - Système, réseaux, données (H/F) - 12 - RODEZ - 4468194 | France Travail",12 - RODEZ,"Descriptif du poste:
MISSIONS ET RESPONSABILITÉS
 Le Chef de projet data & IA a en charge l'élaboration, la planification, la coordination et la mise en œuvre de la stratégie d'innovation en matière de données et d'intelligence artificielle (IA) de l'agence.
 Il impulse et construit une culture et une stratégie autour de la Data afin de permettre la mise en œuvre, notamment, d'une plateforme départementale multi-métiers de gestion de la donnée (hyperviseur) interconnectée avec un jumeau numérique. Il participe au déploiement de l'usage de l'intelligence artificielle et travaille avec des équipes multidisciplinaires pour permettre la mise en place d'outils d'aide à la décision et le développement de nouveaux usages et services au profit des collectivités, des citoyens et de l'attractivité du territoire. 
 
 Le Chef de projet Innovation Data & IA est notamment chargé de : 
 - Définir une stratégie et mettre en place les normes et process de collecte, conservation, traitement, sécurisation et utilisation des données, dans un souci de transition de la - big data - vers la - good data -.
 - Elaborer la stratégie d'innovation autour de la data, d'identifier les opportunités via l'exploitation du potentiel Data, d'en définir les objectifs, la planification de mise en œuvre et l'évaluation des résultats.
 - Coordonner les partenariats internes et externes autour de la donnée en vue de l'optimisation des processus, de l'élaboration de nouveaux produits et services et de la prise de décisions stratégiques.
 - Contribuer à l'élaboration des cahiers des charges et des spécifications de chaque projet, du cyc ... onnées depuis la collecte/création à la suppression en priorisant la réutilisation dans les divers domaines : ouverture et partage de données, représentation graphique de données statistiques, SIG, apprentissage automatique, fourniture d'informations en temps réel -
 - Collaborer avec les équipes internes ou externes de développement informatique pour concevoir, développer et implémenter les projets en veillant au respect des besoins.
 - Élaborer des plans de communication pour promouvoir la stratégie d'innovation en matière de données et d'intelligence artificielle auprès de différents publics internes et externes.
 - Identifier et évaluer les opportunités de collaboration avec des tiers pour développer des partenariats et des projets innovants en utilisant les données et l'intelligence artificielle.
 - Suivre et évaluer l'utilisation des données et de l'IA de manière éthique et responsable dans la fonction publique pour améliorer la performance de l'action publique. Fournir des analyses et des rapports réguliers sur les résultats obtenus.
 - Assurer une veille technique et juridique des évolutions autour de la Data et de l'IA 
 - Etre garant de la conformité des solutions développées au regard du RGPD
 Ses missions sont susceptibles d'évoluer a

Profil recherché:
EXPERIENCE/COMPETENCES/CONNAISSANCES
 Valeurs et savoir-être :
 - Sens de l'action publique et de l'innovation 
 - Qualités d'adaptation, d'analyse et d'organisation
 - Autonomie, dynamisme, réactivité, esprit d'équipe 
 
 Aptitudes :
 - Aisance relationnelle et rédactionnelle
 - Aptitude au travail en équipe en mode projet, à établir des partenariats et à communiquer avec des publics diversifiés
 - Compétences en gestion de projets : planification, animation, coordination, suivi et évaluation.
 - Capacité à gérer plusieurs projets simultanément.
 
 Expérience : 
 - Expérience en gestion de projets DATA (planification stratégique, collecte, analyse, coordination, publication et maintenance de la donnée) et dans les processus de mise en œuvre et développement de projets d'intelligence artificielle.
 
 Connaissances :
 - Posséder une vision systémique des collectivités territoriales et de leur environnement juridique et institutionnel 
 - Connaissance approfondie du secteur numérique, de son écosystème, des tendances et des enjeux actuels et futurs
 - Connaissance approfondie de la règlementation, des normes de qualité et techniques d'analyse de données, des concepts d'intelligence artificielle et d'apprentissage automatique.
 - Maitrise de l'Anglais
 
 FORMATION ET EXPERIENCE SOUHAITEE : Bac +4/5, diplôme universitaire ou autre, en sciences des données (Data Engineer, Data scientist), en informatique ou dans un domaine connexe.
 
 CONTEXTE DU POSTE  
 
 - Travail en transversalité et coopération avec les différents membres et partenaires du GIP 
 - Poste à temps complet à pourvoir immédiatement (création de poste)","
Contrat à durée indéterminée

Contrat travail
",unspecified,unspecified,unspecified,Emploi collectivites,Débutant accepté,Contrat à durée indéterminée,True
4470388,https://candidat.pole-emploi.fr/offres/recherche/detail/4470388,2024-04-03,"Offre d'emploi Senior consultant à Manager - Data Governance F/H - Système, réseaux, données (H/F) - 75 - PARIS 08 - 4470388 | France Travail",75 - PARIS 08,"Descriptif du poste:

Nous cherchons le Leader de demain qui pilotera et développera l'offre « Data Governance ».
A court terme, vous interviendrez dans le cadre de vos missions auprès de nos clients, PME, ETI & GC dans la mise en place de leur Stratégie de Gouvernance des données et son déploiement opérationnel au sein de l'organisation. Vous contribuerez en parallèle très activement au développement de l'offre (formation, encadrement et accompagnement, propositions commerciales).
 
Vos compétences clés :
La maîtrise d'une ou plusieurs pratiques de Gouvernance des données est indispensable.
-         Best Practices : Stratégie, Sponsorship, Cadrage, Outils, Déploiement opérationnel & Change Management, Formation, Observabilité, Audit
-         Composants : Connaissance ou expertise d'un ou plusieurs composants de la gouvernance des données (Data Quality Management, Data Accessibility & usability, Data Privacy & Security, Compliance, Data Lifecycle Management, Procédures & standards...)
-         Roles & Responsabilités : Connaissance ou expertise dans la définition des rôles & responsabilités des métiers de la Data au sein d'une entreprise (Data Owner, Data Steward, Data custodian..)
-         Framework : La connaissance ou maîtrise d'un ou plusieurs cadres de gouvernance des données est un plus (DAMA, DGI, CISR...)
-         Outils : La connaissance ou maîtrise d'un ou plusieurs outils de gouvernance des données est un plus (DataGalaxy, Colibra,
-         Expertise Sectorielle : La connaissance des enjeux et des processus business en assurance est un plus
-         Leadership : Excellentes capacités de présentation et leadership

Profil recherché:

Expérience réussie en tant que consultant ou manager conseil Data Governance, intervenant auprès de directions métier dans des projets de transformation majeure
-         Votre formation :  Bac + 5, École de commerce, École d'ingénieur, Université, IAE
-         Vous avez une expérience d'au moins 4 ans dans la gouvernance des données
-         Vous avez un intérêt marqué pour les sujets liés à la gestion des données, et une appétence pour les outils data ainsi que la volonté permanente de développer de nouvelles compétences sur le sujet
-         Vos qualités : rigueur, esprit analytique, bonne communication orale et écrite, curiosité, volonté permanente de s'améliorer, réceptivité au feedback, goût pour le travail en équipe, capacité d'organisation
-         Poste situé à Paris. Mobilité attendue dans le cadre des missions clients","
Contrat à durée indéterminée

Contrat travail
",unspecified,unspecified,unspecified,Ad astra,Expérience exigée de 4 An(s),Contrat à durée indéterminée,False
4462640,https://candidat.pole-emploi.fr/offres/recherche/detail/4462640,2024-04-03,Offre d'emploi Alternance - Data Engineer Junior (H/F) - 92 - ISSY LES MOULINEAUX - 4462640 | France Travail,92 - ISSY LES MOULINEAUX,"Transdev recrute un Data Engineer Junior (H/F) en alternance

Rejoignez un Groupe international fortement ancré dans les territoires

Votre destination

La Direction ""IT, Data, Digital, Cybersecurity"" définit la Stratégie de Transformation du Groupe et suit sa mise en oeuvre au travers de 9 programmes stratégiques.
Parmi ces programmes, au sein du département Digital, notre équipe ""Data & Technology Office"" anime le programme Data Powered qui vise à augmenter la maturité Data du Groupe Transdev et de ses filiales à l'international, ainsi qu'à valoriser ses assets Data encore peu exploités autour d'une méthodologie innovante axée sur la valeur des cas d'usage à destination de profils bien définis.

Dans ce contexte, nous mettons en place un certain nombre d'environnements techniques qui ont besoin d'être gouvernés et nous réalisons des développements de manipulation de données pour les besoins propres du Groupe. Nous aidons aussi les pays à lancer leurs propres programmes et nous les accompagnons sur tous les volets du changement.

Votre feuille de route

Le/la Data Engineer Junior a la responsabilité :

 * de la structuration des développements des traitements d'intégration de données hétérogènes (en lien avec l'Architecte Data et le/la Data Engineer Senior)
 *  de la mise en place de processus fiables et automatisés de test et de déploiement.

En parallèle, il/elle travaille avec l'équipe de Data Science afin de comprendre leurs besoins et préparer les données nécessaires aux cas d'usage.
Votre parcours

Actuellement en école d'ingénieur ou université, vous préparez un Master en Sciences de l'information, Sciences de la donnée et vous recherchez une entreprise où réaliser vos deux années d'alternance (M1/M2).

Vous avez un vrai intérêt pour l'ingénierie de la donnée.

Enfin, vous avez idéalement une première expérience significative (stage, projet étudiant solide) en tant que Data Engineer.

 Vos atouts

Vous êtes très à l'aise (voire bilingue) en français et anglais à l'oral comme à l'écrit. C'est un prérequis pour ce poste car vous serez amené(e) à travailler avec les filiales de Transdev à l'étranger.

Vous avez une bonne compréhension du Data Engineering, vous connaissez les environnements Cloud (notamment Amazon Web Services) ainsi que les technologies Git.

La connaissance accrue des langages SQL et Python est indispensable. La connaissance de Snowflake est un vrai plus.

Enfin, rigoureux(se), curieux(se), et proactif(ve), vous avez une réelle capacité à vous adapter, à gérer vos projets de manière autonome, tout en travaillant de manière collaborative dans des équipes pluridisciplinaires.

A savoir
Alternance basée à Issy-les-Moulineaux (92)

Démarrage en septembre 2024 pour un an ou deux ans

Rythme idéal : 4 jours/1 jour (ou 3 sem/1 sem)","
Contrat à durée déterminée - 24 Mois

Contrat apprentissage
",unspecified,unspecified,unspecified,Transdev,Débutant accepté,Contrat à durée déterminée - 24 Mois,True
4434350,https://candidat.pole-emploi.fr/offres/recherche/detail/4434350,2024-04-03,"Offre d'emploi Data Engineer - Paris, France (H/F) / Astek. - 75 - 4434350 | France Travail",75,"Ce que nous allons accomplir ensemble : Venez rejoindre l'équipe Data, en tant que Data Engineer (H/F) et intervenez sur nos projets d'innovation dans le secteur des télécommunications. Votre mission, si vous l'acceptez : Développement de la collecte, pré-traitements, stockage, modélisation, monitoring et transformation de données.Participation à la mise en place des normes de développement (GitFLow)Administration Hadoop/HiveDéveloppement des producers et consumers KafkaMéthodologie Agile : Travailler en conformité avec la méthodologie Agile en place.Mise en place de la chaine CI/CD. Votre future équipe : Au sein d'un environnement riche et complexe, vous évoluerez avec des experts passionnés à la fois techniques et fonctionnels (Ingénieurs spécialisés, chef de projet, scrum master, product owner, analystes .).Votre stack de jeuPython, Hadoop, Hive, Kafka, Azure. Les petits plus du projet :Vous interviendrez de A à Z sur des projets riches fonctionnellement et ambitieux techniquement : forte volumétrie, haut niveau de performance, exigence maximale en termes de sécurité, équipe multisite et encore bien d'autres sujets captivants.Vous ?Vous êtes issu(e) d'une formation BAC + 5 type école d'ingénieur ou équivalent universitaire et vous justifiez d'au moins 3 ans d'expérience en tant que data engineer.Vous êtes attiré(e) par le challenge technologique, vous êtes organisé(e), autonome et bon communiquant.Enfin, vous êtes curieux et déterminé(e) ! L'informatique est une passion pour vous plus qu'un métier !","
Contrat à durée indéterminée

Contrat travail
",unspecified,unspecified,unspecified,Unspecified,Expérience exigée de 36 Mois,Contrat à durée indéterminée,False
