id,url,date,title,location,description,info,horaires,salairemin,salairemax,entreprise,experience,contrat,debutant
3360899,https://candidat.pole-emploi.fr/offres/recherche/detail/3360899,2025-10-05,Offre d'emploi Data Scientist H/F - 75 - Paris - 3360899 | France Travail,75 - Paris,"À propos du poste
Nous recherchons un data scientist ou une data scientist passionné(e) par l'analyse des données et l'intelligence artificielle. Vous intégrerez une équipe dynamique et innovante, où vous aurez l'opportunité de travailler sur des projets stimulants qui impactent directement notre activité. Votre rôle consistera à extraire, analyser et interpréter des données complexes pour aider à la prise de décision stratégique.
Responsabilités
* Concevoir et développer des modèles de machine learning pour résoudre des problèmes d'affaires
* Manipuler et analyser de grandes quantités de données à l'aide d'outils tels que Python, R ou SAS
* Collaborer avec les équipes techniques pour mettre en place des pipelines ETL efficaces
* Concevoir et optimiser des bases de données pour assurer une gestion optimale des données
* Utiliser des frameworks comme TensorFlow, Spark et Hadoop pour le traitement des données
* Appliquer des techniques de data mining et de natural language processing pour extraire des insights pertinents
* Présenter les résultats d'analyses sous forme de rapports clairs et concis aux parties prenantes
Profil recherché
Vous êtes fait(e) pour ce poste si :
* Vous maîtrisez les langages de programmation tels que Python, Java, C et Bash (Unix shell)
* Vous avez une solide expérience dans le design de bases de données et la gestion de données sur AWS
* Vous êtes à l'aise avec les outils d'analyse statistique et les bibliothèques de machine learning
* Vous possédez une bonne connaissance des concepts d'AI et êtes capable d'appliquer ces compétences dans un contexte professionnel
* Vous avez un esprit analytique fort, ainsi qu'une capacité à résoudre des problèmes complexes
Si vous souhaitez rejoindre une entreprise en pleine croissance où vos compétences seront valorisées, n'hésitez pas à postuler !
Type d'emploi : CDI
Rémunération : 37 000,00€ à 40 000,00€ par an
Avantages :
* Flextime
* Prise en charge du transport quotidien
* RTT
* Travail à domicile occasionnel
Lieu du poste : Télétravail hybride (75015 Paris)","
CDI

Contrat travail
",00H/semaine,unspecified,unspecified,Unspecified,Débutant accepté,CDI,True
3355181,https://candidat.pole-emploi.fr/offres/recherche/detail/3355181,2025-10-05,Offre d'emploi CS26 Bac + 4 - Ingénieur(e) en analyse de données (H/F) - France - 3355181 | France Travail,France,"Contexte et environnement de travail Renault poursuit son engagement envers les jeunes au travers de la formation par l'alternance et les stages. Cette politique volontariste positionne Renault comme un des contributeurs majeurs au développement de l'apprentissage en France. Dans le cadre de votre stage, vous serez suivi par le service Emploi, compétences et Politiques Jeunes et plus particulièrement au sein des relations écoles et de la marque employeur de Renault. Le Groupe Renault, en tant qu'acteur majeur de l'innovation automobile améliore en continu la prestation de ses véhicules en proposant des technologies innovantes. Le service acoustique a pour mission d'accompagner ces innovations en les intégrant de manière à préserver le niveau acoustique et la qualité sonore attendue par ses clients. Dans le cadre de l'analyse des données de la concurrence, vous intégrez le service Acoustique au sein de la Direction Ampère AvantProjet & Synthèse Véhicule. Vous êtes alors rattaché(e) au spécialiste métier aéroacoustique et Data, qui déterminera les orientations et assurera le suivi de vos activités. Vos Missions Ce stage, qui se déroulera dans notre centre technique en Normandie, consistera à structurer une base de données de mesures aéroacoustique (mesures en soufflerie) afin d'en faciliter l'exploitation. L'objectif sera de mettre en place un dashboard de visualisation de données (en utilisant le logiciel TIBCO Spotfire) pour permettre une exploitation statistique des données de cette base : quantification de l'impact des différentes zones du véhicule sur la performance aéroacoustique, impact fréquentiel de ces zones, etc. Qui êtesvous ? Vous êtes en deuxième année d'école d'ingénieur généraliste ou en année de Master 1 dans le domaine du traitement de données. Vous recherchez un stage de 4 à 6 mois. Vous faites preuve d'autonomie et d'esprit d'analyse, alors ce stage est pour vous. La maîtrise de Spotfire est un plus, mais n'est pas prérequis obligatoire. Un accompagnement sera dispensé si nécessaire. Vous souhaitez participer à l'aventure de l'automobile de demain ? Rejoigneznous ! ?? Job Family Human Resources Contract Duration 4 months Renault Group is committed to creating an inclusive working environment and the conditions for each of us to bring their passion, perform to the full and grow, whilst being themselves. We find strength in our diversity and we are engaged to ensure equal employment opportunities regardless of race, colour, ancestry, religion, gender, national origin, sexual orientation, age, citizenship, marital status, disability, gender identity, etc. If you have a disability or special need requiring layout of the workstation or work schedule, please let us know by completing this form. In order to follow in real time the evolution of your applications and to stay in touch with us, we invite you to create a candidate account. This will take you no more than a minute and will also make it easier for you to apply in the future. By submitting your CV or application, you authorise Renault Group to use and store information about you for the purposes of following up your application or future employment. This information will only be used by Renault Group companies as described in the Group privacy policy .","
CDI

Contrat travail
",00H/semaine,unspecified,unspecified,Unspecified,Débutant accepté,CDI,True
3341231,https://candidat.pole-emploi.fr/offres/recherche/detail/3341231,2025-10-04,Offre d'emploi Data scientist f/h (H/F) - 77 - Moissy-Cramayel - 3341231 | France Travail,77 - Moissy-Cramayel,"Safran est un groupe international de haute technologie opérant dans les domaines de l'aéronautique (propulsion, équipements et intérieurs), de l'espace et de la défense. Sa mission : contribuer durablement à un monde plus sûr, où le transport aérien devient toujours plus respectueux de l'environnement, plus confortable et plus accessible. Implanté sur tous les continents, le Groupe emploie 100 000 collaborateurs pour un chiffre d'affaires de 27,3 milliards d'euros en 2024, et occupe, seul ou en partenariat, des positions de premier plan mondial ou européen sur ses marchés. 

Safran est la 2ème entreprise du secteur aéronautique et défense du classement « World's Best Companies 2024 » du magazine TIME.



Safran Aircraft Engines conçoit, produit et commercialise, seul ou en coopération, des moteurs aéronautiques civils et militaires aux meilleurs niveaux de performance, fiabilité et respect de l'environnement. La société est notamment, à travers CFM International*, le leader mondial de la propulsion d'avions commerciaux courts et moyen-courriers.

* CFM International est une société commune 50/50 de Safran Aircraft Engines et GE Aerospace.



Parce que nous sommes persuadés que chaque talent compte, nous valorisons et encourageons les candidatures de personnes en situation de handicap pour nos opportunités d'emploi.


Descriptif missionLe Datalab répond aux sollicitations de la Direction Technique concernant les supports en statistiques et en analyse de données. A ce titre, le Datalab participe à des projets techniques et apporte un soutien autour de la DATA pour répondre à des problématiques métier. 



En tant que Data Scientist :

1. Supporter les Métiers de Safran Aircraft Engines dans l'analyse de leurs données :

o Analyser le besoin et traduire une problématique Métier en problème

mathématique/statistique et réciproquement,

o Cartographier les données nécessaires, trouver avec l'aide des métiers les sources de données pertinentes, faire des recommandations sur les bases de données à consolider, modifier, rapatrier, ... et concevoir des datasets pour répondre à la problématique

o Appliquer les méthodes statistiques et les algorithmes basés sur de l'apprentissage (ou de l'optimisation) les plus appropriées pour modéliser les données

o Comparer et évaluer les différents modèles ou méthodes et anticiper les avantages et inconvénients dans un environnement Métier

o Restituer une synthèse des résultats sous une forme interactive et intelligible par les Métiers (dashboard, appli web,...)

o Participer à l'intégration de la solution dans le système d'information cible du Métier

2. Participer à la diffusion de la culture DATA au sein de l'entreprise : présentations, acculturation, formation, coaching

3. Participer au développement des méthodes et outils de la Data Science au sein de l'entreprise","
CDI

Contrat travail
",00H/semaine,unspecified,unspecified,Unspecified,Débutant accepté,CDI,True
3340553,https://candidat.pole-emploi.fr/offres/recherche/detail/3340553,2025-10-04,Offre d'emploi Data scientist/analyst f/h (H/F) - France - 3340553 | France Travail,France,"Au sein de la FINANCE ORANO et plus particulièrement du CSP comptabilité, et plus particulièrement au sein du Pôle DATA et ANALYSE, ce poste de Data Scientist/Analyst aura pour mission de permettre une analyse fiable et récurrente de données clés pour la direction financière du groupe et en particulier le CSP Comptable.

Principales responsabilités :

-          Mise en place de reporting automatisés (KPI, KRI, MVP, rapports financiers et extra-financiers), et automatisations de tâches récurrentes à faible valeur ajoutée

-          Garantir la qualité des extractions des différentes données de SAP pour élaborer les KPI de la Direction Financière, les demandes réglementaires (DIRECCTE/FEC/ AUDITS...).

-          Mise en forme des  différentes extractions de façon à les rendre intelligibles et les structurer pour les analyser.

-          Animer un réseau de correspondant/garant des données sources.

Principales Interactions :

-           Sous la supervision du CDO ( Chief Data Officer Finance) il est un représentant de la Data Finance dans le réseau de la Transformation Digitale Groupe.

-          Il est le/la correspondant.e privilégié.e des organes de Contrôles internes/Conformité Groupe, l'Audit Interne et le contrôle de gestion","
CDI

Contrat travail
",00H/semaine,unspecified,unspecified,Unspecified,Débutant accepté,CDI,True
3340315,https://candidat.pole-emploi.fr/offres/recherche/detail/3340315,2025-10-04,Offre d'emploi Ingénieur-e  data scientist fabrication additive f/h (H/F) - 33 - Bordeaux - 3340315 | France Travail,33 - Bordeaux,"Safran est un groupe international de haute technologie opérant dans les domaines de l'aéronautique (propulsion, équipements et intérieurs), de l'espace et de la défense. Sa mission : contribuer durablement à un monde plus sûr, où le transport aérien devient toujours plus respectueux de l'environnement, plus confortable et plus accessible. Implanté sur tous les continents, le Groupe emploie 100 000 collaborateurs pour un chiffre d'affaires de 27,3 milliards d'euros en 2024, et occupe, seul ou en partenariat, des positions de premier plan mondial ou européen sur ses marchés. 



Safran est la 2ème entreprise du secteur aéronautique et défense du classement « World's Best Companies 2024 » du magazine TIME.


Descriptif missionLa fabrication additive représente une opportunité stratégique pour Safran, permettant d'optimiser en profondeur nos produits et d'apporter des solutions de compétitivité significative. Afin de relever ce défi, le groupe a décidé de réunir l'ensemble des compétences depuis la R&T, le développement jusqu'à la fabrication de pièces dans une seule entité : Safran Additive Additive Manufacturing Campus (SAMC) localisée au Haillan (33).



La quantité de données générée au cours du cycle de vie d'une pièce FA (Design, calcul, procédé) et leur complexité intrinsèque (images, time series, données de simulation numérique, données de contrôle ...) constituent pour SAMC:

- un axe majeur pour la maîtrise du procédé avec en cible un processus conduisant à la fabrication d'un composant « bon du premier coup »

- Un levier stratégique de performance économique pour l'échantillonnage des contrôles ou les remplacer le cas échéant

Dans cette optique, SAMC recherche un.e ingénieur.e Data Scientist Fabrication Additive 



Au sein de l'équipe Méthodes et Outils Numériques, l'ingénieur.e aura pour principales missions de:

o Recueillir, auprès des différents métiers de SAMC (Matériaux & Procédés, Production, Bureau d'Etudes, Qualité) les besoins en modélisation mathématique du procédé ou des processus numériques (IA, métamodélisation, ...)

o Spécifier les modalités de recueil et traitement des données nécessaires (Typologie des données, quantité, structuration...)

o Structurer le développement de modèles mathématiques de représentation du procédé

 - Définir le type de modèle adéquat en fonction des objectifs fixés et des données disponibles

 - Identifier les étapes du développement

 - Structurer, en lien avec les fonctions supports associés, l'architecture de développement et les protocoles de déploiement

o Développer les modèles

 - Développer les modèles de traitement de données complexes (images, time series, maillages & champs 3D, ...)

 - Valider leur fiabilité

 - Instruire les processus d'enrichissement

o Assurer la robustesse des développements code effectués afin de fluidifier le pilotage de leur industrialisation (versioning, tests non régression, CI-CD, ...)

o Déployer, avec les fonctions supports associées, les modèles sur les architectures cibles (locales, edge, ...)

o Démontrer les gains associés & formaliser les périmètres d'usage ainsi que la robustesse (niveau de maturité)

o Assurer la promotion de la valeur apportée par ces modèles & former les utilisateurs à l'usage","
CDI

Contrat travail
",00H/semaine,unspecified,unspecified,Unspecified,Expérience exigée,CDI,False
3326881,https://candidat.pole-emploi.fr/offres/recherche/detail/3326881,2025-10-04,Offre d'emploi Data Scientist (H/F) - 78 - Poissy - 3326881 | France Travail,78 - Poissy,"Description du poste 
Filière/Métier
ICT, Digital & Data - ICT, Digital & Data Intitulé du poste
Data Scientist Contrat
CDI Statut
Cadre Description de la mission
L'équipe AI & Data Analytics recherche un Data Scientist. Votre mission est d'intégrer la science dans la prise de décision. Les priorités peuvent changer dans un environnement aussi dynamique que le nôtre, donc ce rôle inclut, mais ne se limite pas aux responsabilités suivantes : - Être l'expert de confiance chargé de faire évoluer notre feuille de route en science des données pour toutes les analyses logicielles et d'ingénierie - Développer des recherches novatrices pour déduire qualitativement et tirer des conclusions à partir de données comportementales afin d'influencer directement la conception des fonctionnalités, les modèles commerciaux, l'UX et les heuristiques des clients - Concevoir et mettre en œuvre des modèles prédictifs et des simulations pour optimiser les décisions commerciales et le développement de produits - Construire et concevoir des systèmes de Machine Learning - filtrage collaboratif, apprentissage par renforcement - pour alimenter les fonctionnalités embarquées et IoT - Construire et concevoir des systèmes GenAI - LLM, RAG - pour favoriser l'adoption de l'IA dans les équipes commerciales et de produits - Faire évoluer la plateforme et la méthodologie d'expérimentation pour permettre des tests agiles mais sûrs de toutes les fonctionnalités logicielles - Démocratiser et socialiser l'apprentissage en contribuant à un référentiel d'apprentissage centralisé et à un blog externe - Comprendre les besoins des parties prenantes et éduquer les partenaires sur la formulation des questions de recherche et des méthodologies Les meilleurs performeurs seront capables de démontrer : - La capacité constante à identifier et répondre aux besoins des autres membres de leur équipe et de l'ensemble de l'entreprise - L'influence réussie sur des pairs non techniques pour apporter des changements substantiels - Un impact mesurable sur l'engagement des consommateurs grâce à l'analyse, aux modèles statistiques ou aux produits développés - Un impact mesurable sur les revenus grâce à l'analyse, aux modèles statistiques ou aux produits développés - Un impact mesurable sur l'expérience des consommateurs grâce à l'analyse, aux modèles statistiques ou aux produits développés - Des déductions qualitatives et quantitatives issues de l'expérimentation qui conduisent à l'optimisation des produits  Profil
Maîtrise des méthodes statistiques avancées (régression, distribution, tests, etc.). Maîtrise de diverses techniques de machine learning (clustering, arbres de décision, deep learning, etc.) et de leurs principaux avantages/inconvénients. Maîtrise de Python (Scikit-learn, Numpy, Pandas etc.) et/ou de tout autre langage spécialisé dans ce domaine, ainsi que de SQL. Maîtrise d'un ou plusieurs frameworks de Deep Learning (par exemple, Pytorch, Tensorflow, etc.). Maîtrise d'au moins un domaine spécialisé tel que le traitement du langage naturel ou LLM & RAG. Localisation du poste Pays
Europe, France Ville  Poissy
Critères candidat Niveau d'expérience min. requis
3 à 5 ans Langues
Anglais (C1 - Courant (3,5 - 4,4 Bright))","
CDI

Contrat travail
",00H/semaine,unspecified,unspecified,Unspecified,Expérience exigée,CDI,False
3326309,https://candidat.pole-emploi.fr/offres/recherche/detail/3326309,2025-10-04,Offre d'emploi Data scientist (H/F) - 93 - Pantin - 3326309 | France Travail,93 - Pantin,"Nous recherchons un(e) Data Scientist freelance pour renforcer les équipes de notre client.
Il s?agit d?une première mission d?extension de capacité, avec une intégration directe dans les équipes et des cas d?usage concrets à mettre en production.
 ResponsabilitésCollecter, préparer et analyser des données complexes.
Concevoir et développer des modèles de Machine Learning (régression, classification, séries temporelles, deep learning).
Déployer les modèles en production (API, pipelines, monitoring).
Travailler sur des environnements cloud / containers (MLflow, Docker, Kubernetes).
Vulgariser les résultats et échanger avec les équipes métiers et techniques.","
Profession libérale

Emploi non salarié
",unspecified,unspecified,unspecified,Bloomays,2 An(s),Profession libérale,False
3326272,https://candidat.pole-emploi.fr/offres/recherche/detail/3326272,2025-10-04,Offre d'emploi Data scientist (H/F) - 38 - Grenoble - 3326272 | France Travail,38 - Grenoble,"Contexte de la mission : 
Dans un contexte d'innovation biomédicale, la mission s'intègre au sein d'un service « Data Science - Molecular & Data-IT » spécialisé dans l'exploitation de données scientifiques et la mise en oeuvre de modèles complexes au service de la recherche et du développement. 
Basée à Grenoble, cette mission vise à renforcer les travaux autour de dynaMo, un outil de simulation destiné à optimiser l'étude des interactions biologiques et à améliorer la prédiction des résultats expérimentaux.
Responsabilités :
 - Contribuer à l'amélioration de l'outil dynaMo en évaluant divers outils de simulation des interactions entre primers.
 - Générer des simulations mimant des jeux de données réels, en collaboration étroite avec les biologistes et les data scientists impliqués dans le projet.
 - Comparer les résultats obtenus avec les données réelles afin d'identifier les écarts et proposer des pistes d'amélioration.
 - Synthétiser les résultats, proposer et mettre en oeuvre des optimisations permettant de reproduire plus fidèlement les réactions biologiques.","
CDI

Contrat travail
",00H/semaine,40000.0,50000.0,Viveris,5 An(s),CDI,False
3326247,https://candidat.pole-emploi.fr/offres/recherche/detail/3326247,2025-10-04,Offre d'emploi Data scientist (H/F) - France - 3326247 | France Travail,France,"Emagine est à la recherche d?un(e) Data Scientist / Expert en Machine Learning pour des projets stratégiques impliquant des techniques avancées de modélisation et d?apprentissage automatique.
? Lieu : Roissy en France
? Type de contrat : Consultant
? Date de début : Octobre 2025
Responsabilités principales :Votre rôle impliquera :
Développer et remettre en question les modèles mathématiques et statistiques existants.
Concevoir et mettre en ?uvre des solutions d?apprentissage automatique pour l?optimisation des processus et la prise de décision.
Collaborer avec les équipes d?ingénierie des données pour intégrer les modèles dans les environnements de production.
Assurer la qualité, la robustesse et la maintenabilité des modèles et scripts développés.
Exigences clés :Expérience avérée en modélisation mathématique et statistique.
Expertise en apprentissage automatique avec la capacité de challenger les modèles existants.
Maîtrise des meilleures pratiques Python et expérience de Spark, Git, Bash et SQL.
Connaissance des environnements Unix/Linux et des solutions cloud, en particulier GCP.
Maîtrise de l?anglais (écrit et parlé).
Doctorat en mathématiques ou en physique très apprécié.
Bon à avoir :Expérience avec les outils de visualisation de données.
Solides compétences en communication.
Autres détails :Ce poste est entièrement à distance et devrait commencer en octobre 2025. Il offre l?opportunité de travailler sur des projets avancés dans une industrie innovante.","
Profession libérale

Emploi non salarié
",unspecified,unspecified,unspecified,Emagine consulting sarl,2 An(s),Profession libérale,False
3326216,https://candidat.pole-emploi.fr/offres/recherche/detail/3326216,2025-10-04,Offre d'emploi Data scientist (H/F) - 75 - Paris 1er Arrondissement - 3326216 | France Travail,75 - Paris 1er Arrondissement,"Hello,
Est-ce que tu es en recherche d'une mission longue comme data scientist/ML engineer pour?:
Explorer, préparer et analyser des données complexes afin de dégager des insights exploitables.
Développer et entraîner des modèles de ML variés (régression, classification, séries temporelles, deep learning, ?).
Mettre en production vos modèles via des API, pipelines de données et environnements cloud (MLflow, Docker, Kubernetes, ?)
.
Collaborer étroitement avec les équipes métiers et techniques pour identifier les cas d?usage et les transformer en solutions concrètes.","
Profession libérale

Emploi non salarié
",unspecified,unspecified,unspecified,Devatscale,2 An(s),Profession libérale,False
3325991,https://candidat.pole-emploi.fr/offres/recherche/detail/3325991,2025-10-04,Offre d'emploi Data scientist (H/F) - 92 - Courbevoie - 3325991 | France Travail,92 - Courbevoie,"Vous aurez l?opportunité de contribuer à un projet d?envergure : le déploiement massif de bornes de recharge pour véhicules électriques dans les parkings collectifs. Ce programme, déjà en cours, se renforce et constitue une nouvelle équipe de 3 Data Scientists, intégrée à une équipe pluridisciplinaire d?une dizaine de personnes dédiée à la mobilité électrique et aux solutions de demain.
Vos missions :
- Réaliser des études statistiques et de la modélisation prédictive pour optimiser les déploiements,
- Traiter et analyser des données massives en Python (un peu de R possible, mais non indispensable),
- Collaborer avec des experts métiers et techniques pour transformer les données en leviers concrets de performance,
- Participer au Comité Data interne pour partager les bonnes pratiques et enrichir vos compétences,
- Évoluer dans une méthodologie SAFe, au c?ur d?un environnement structuré et collaboratif.","
Profession libérale

Emploi non salarié
",unspecified,unspecified,unspecified,Odhcom - freelancerepublik,2 An(s),Profession libérale,False
3325854,https://candidat.pole-emploi.fr/offres/recherche/detail/3325854,2025-10-04,Offre d'emploi Data Scientist (m/f) (réf. E) (réf. F) (H/F) - Luxembourg - 3325854 | France Travail,Luxembourg,"Statut : Employé de l'État, Fonctionnaire Qui recrute ? Administration des contributions directes Missions L'Administration des Contributions Directes (ACD) recherche un Data Scientist pour renforcer son équipe Data Science and Analytics. Le candidat contribuera au développement de solutions data innovant/antes pour améliorer la détection des risques fiscaux, automatiser les processus internes et soutenir la prise de décision métier. Les missions varient en fonction des besoins de nos clients internes, par exemple: Réponse aux demandes d'analyse, incluant la formulation d'insights, la production de rapports, et la recommandation d'actions; Développement de modèles de détection de non-conformité fiscale et/ou de risque; Détection d'anomalies, tendances et comportements à risque dans les données fiscales; Conception et maintenance de pipelines de données fiables (data engineering); Développement de produits data et supports décisionnels (tableaux de bord, reporting); Documentation des méthodologies et respect des exigences réglementaires. Profil Compétences techniques Très bonne maîtrise des techniques de data mining, d'analyse des données et d'analyse statistique, avec une expérience concrète sur des outils tels que SQL et R/Python; Expérience pratique en modélisation mathématique appliquée à des contextes métiers (régulés) : détection de fraude, scoring de risque, classification de comportements, optimisation de processus réglementaires, etc.; Connaissances en intelligence artificielle, incluant des notions d'IA générative et leur application raisonnée à des cas d'usage métiers (synthèse de données, génération de texte ou code, etc.); Expérience en visualisation de données et création d'interfaces utilisateurs interactives, avec des outils comme Qlik Sense, Superset ou Dataiku; Compétences en gestion de données : manipulation de bases de données, intégration de données (ETL), automatisation de traitements et conception de pipelines avec des outils tels que Denodo, Airflow, dbt, etc.; Expérience dans la mise en production de produits data, incluant le versioning (Git), la conteneurisation (Docker), et le déploiement dans des environnements Linux; Maîtrise de la langue anglaise. Compétences comportementales Rigueur et esprit analytique : capacité à structurer une démarche d'analyse de manier/ière méthodique et à produire des résultats fiables dans un cadre réglementé; Sens des responsabilités : conscience des enjeux liés à la qualité des données et à la fiabilité des modèles dans un contexte fiscal et institutionnel; Autonomie et proactivité : capable de gérer une activité de bout en bout, tout en identifiant de manier/ière autonome les points de blocage ou d'amélioration; Capacité à vulgariser des sujets complexes : aptitude à expliquer des concepts techniques à des interlocuteurs non spécialistes (juristes, fiscalistes, opérationnels, etc.); Esprit de collaboration : goût pour le travail en équipe multidisciplinaire (data, métier, IT, juridique), avec un bon relationnel et une communication claire; Adaptabilité et curiosité : capable d'évoluer dans un environnement en transformation (numérisation, évolution réglementaire, montée en compétence des outils); Discrétion professionnelle et éthique : respect des règles de confidentialité et des principes de bonne gestion des données sensibles. Atouts Expérience dans le secteur de la fiscalité directe ou dans un domaine réglementé (finance, assurance); Connaissance des méthodologies agiles; Compréhension de la programmation orientée objet et capacité à structurer des projets data de manier/ière modulaire et maintenable. Conditions d'admission Le poste peut être brigué sous le statut du fonctionnaire ou de l'employé de l'État. Si vous souhaitez postuler sous le statut du fonctionnaire, vous devrez au préalable avoir réussi l'épreuve d'aptitude générale (EAG). Les candidats ayant réussi à l'EAG restent admissibles aux épreuves spéciales pendant une durée de 5 ans (à compter à partir de la décision de la commission d'examen). Obtenez plus de détails sur les conditions d'admission des fonctionnaires de l'État ainsi que sur les conditions d'admission des employés de l'État. Diplômes Vous êtes titulaire d'un grade ou diplôme délivré par un établissement d'enseignement supérieur reconnu par l'État du siège de l'établissement et sanctionnant l'accomplissement avec succès d'un master en études réussies en informatique, mathématiques, data science, data engineering ou de son équivalent. Le grade ou diplôme requis doit correspondre au moins au niveau 7 tel que défini par le Cadre luxembourgeois des qualifications. Langues Vous répondez aux exigences des connaissances de 3 langues administratives pour le groupe A1. Vous êtes ressortissant d'un État membre de l'Union...","
CDI

Contrat travail
",00H/semaine,unspecified,unspecified,Unspecified,Débutant accepté,CDI,True
3322736,https://candidat.pole-emploi.fr/offres/recherche/detail/3322736,2025-10-04,Offre d'emploi Data scientist (H/F) - 78 - Mureaux - 3322736 | France Travail,78 - Mureaux,"Description du poste :
Nous recherchons un(e) Data Scientist pour rejoindre notre équipe dynamique et innovante. Vous êtes passionné(e) par les données et souhaitez contribuer à des projets d'envergure dans le secteur spatial et de la défense ? Vous êtes au bon endroit ! Votre environnement de travail
Au sein de la Direction Technique et en collaboration avec le Lead Data Scientist , vous évoluerez dans un environnement stimulant où l'innovation et la performance sont au cœur de nos préoccupations. Vous aurez l'opportunité de développer des solutions IA et Data Science pour optimiser nos processus et accroître notre efficacité opérationnelle. Votre rôle sera central dans le déploiement de l' ingénierie système , vous permettant de travailler sur des projets variés et ambitieux. Votre expertise sera mise à contribution pour conseiller et soutenir les différents métiers de l'entreprise dans l'exploitation des technologies d' IA .
Vos missions
* Développer des solutions IA et Data Science :
  - Pour divers niveaux de maturité (de TRL 3 à TRL 9 )
  - Sur l'ensemble des applications possibles de la société (avec un focus sur la direction technique et la direction industrielle )
  - Sur l'ensemble de nos produits : lanceurs civils/militaires , surveillance de l'espace, opérations dans l'espace, défense anti-missiles, ...
  - En usant des divers outils et plateformes à disposition : développements Python , Dataiku , modèles LLM , outils d'analyse statistiques ...
* Assurer un rôle de conseil et de support auprès des différents métiers :
  - Les orienter dans les choix de stratégie , d' outils et de modèles d'IA
  - Leur apporter un support à l' implémentation des solutions d'IA
  - Adapter et faire évoluer ces solutions selon leurs contraintes propres
* Participer à l'animation des réseaux de Data Science et d'IA :
  - Favoriser le partage de connaissances et stimuler l'innovation entre secteurs
  - Participer à l'entretien du réseau interne de compétences en IA
Profil recherché
* Formation : Diplôme d'ingénieur en informatique, intelligence artificielle , statistiques, mathématiques appliquées ou toute autre discipline connexe.
* Expérience : Au moins 3 à 5 ans d'expérience dans le domaine.
* Compétences techniques : Maîtrise de la gestion de projet Data Science .
* Compétences techniques : Maîtrise des concepts, méthodes et outils couramment utilisés dans les disciplines suivantes : machine learning / deep learning , computer vision , traitement automatique du langage naturel ( NLP ) et IA générative .
* Compétences techniques : Maitrise du langage Python et des librairies TensorFlow / Pytorch / Pandas / Numpy / Scikit-learn , une connaissance des environnements de calcul haute performance UNIX et de la plateforme Dataiku sont un plus.
Même si vous ne remplissez pas 100% des critères, nous vous encourageons à postuler si vous pensez que cette offre est faite pour vous !
✨ Qualités personnelles
* Curiosité et ouverture d'esprit
* Passionné(e) par les sciences des données et à l'écoute des mutations continues de la discipline
* Capacité à travailler en équipe et à proposer des solutions pragmatiques et performantes techniquement
* Aptitudes à communiquer et présenter ses idées aussi bien à un public technique que non technique
* Patience pédagogique et capacité à infuser des points de vue techniques auprès de populations avec des sensibilités variées sur l'IA
ℹ Informations pratiques
* Type de contrat : CDD 6 mois
* Lieu : ArianeGroup, Site des Mureaux
* Habilitation défense : nécessaire
Vous êtes prêt(e) à relever le défi et à mettre votre talent au service de nos ambitions spatiales ? Postulez dès maintenant et venez construire l'avenir avec nous !
Quelques mots sur le site de : L es Mureaux
Idéalement situé en bord de Seine pour permettre le départ par bateau des éléments d'Ariane 6, le site des Mureaux regroupe plus de 2000 salariés travaillant sur des installations de pointe au service de nos activités défenses et civiles. A votre arrivée, vous aurez l'occasion de visiter certaines d'entre-elles. Le site dispose d'un restaurant d'entreprise d'installations sportives et d'un CSE dynamique avec de nombreuses sections associatives et avantages associés.
Un train relie la Gare Saint-Lazare aux Mureaux puis, une navette est à disposition pour réaliser le trajet entre la Gare et le site.
Le site des Mureaux est le siège social de la société.
Dans le cadre des activités relatives à l'emploi proposé, vous serez amené(e) à accéder à un (ou des) site(s) relevant de la responsabilité d'ArianeGroup. A cette fin et dans le respect des articles R1332-22-1 et suivants du Code de la Défense, nous vous informons qu'u","
CDI

Contrat travail
",00H/semaine,unspecified,unspecified,Unspecified,3 An(s),CDI,False
3300448,https://candidat.pole-emploi.fr/offres/recherche/detail/3300448,2025-10-04,Offre d'emploi Data Scientist (H/F) - 75 - Paris 1er Arrondissement - 3300448 | France Travail,75 - Paris 1er Arrondissement,"Implantée dans 7 départements d'Ile de France et dans l'Oise, la Banque Populaire Rives de Paris est présente à travers un réseau de 222 points de vente, et a la confiance de près de 732 000 clients dont 216 500 sociétaires.Rejoindre la Banque Populaire Rives de Paris c'est adhérer à une banque coopérative, proche et engagée dans la satisfaction de ses clients.C'est aussi intégrer une banque attentive à l'épanouissement professionnel de ses collaborateurs grâce à une politique RH qui met l'accent sur la formation et la mobilité interne.Bénéficiez des opportunités que peut vous offrir la Banque Populaire Rives de Paris, l'une des premières banques du Groupe BPCE (2e groupe bancaire français) en rejoignant nos 3000 collaborateurs !Nous rayonnons sur les départements suivants  : l'Oise, le Val d'Oise, la Seine Saint Denis, Paris, l'Essonne, les Hauts-de-Seine, le Val-de-Marne.Rejoignez un top employeur !(certification qui atteste des meilleures pratiques RH des entreprises.) Une opportunité unique vous attend ��������!  Poste et tâches Le Data Scientist a pour tâche de valoriser les données de l'entreprise afin de  : Fournir des analyses poussées et pertinentes D'optimiser des processus métiers D'éclairer et soutenir des prises de décisions stratégiques Il conçoit, développe et met en œuvre des modèles statistiques et algorithmiques permettant de répondre à des problématiques métiers complexes.Acteur engagé dans la transformation data-driven de l'entreprise, il travaille en proximité avec l'ensemble des métiers (pilotage commercial, crédit, engagements, risques, etc.) et doit savoir manipuler, préparer et restituer des données permettant de répondre aux enjeux attendus.Les activités principales  : - Cadrer et s'approprier le besoin métier Comprendre et détailler le besoin présenté par l'utilisateur Mettre à profit sa connaissance des contraintes Data pour challenger l'utilisateur - Analyse et préparation des données - Développement de solutions algorithmiques Concevoir des modèles statistiques ou de machine learning (prédictifs, presciptifs, etc..) permettant de répondre aux problématiques métiers Réaliser des analyses exploratoires permettant d'extraire des insights à forte valeur ajoutées Mettre en place des mécanismes d'entrainement (test) et d'évaluation des dits modèles Implémenter et industrialiser en environnement de Production les dits modèles - Collaboration et transversalité Travailler en étroite collaboration avec l'ensemble des parties prenantes, les tenir informés des avancées tout au long de la vie du projet afin d'anticiper les plans d'actions à mener - Communication et résultats Restituer les résultats aux parties prenantes de façon claire, pédagogique (vulgarisation) et orientés actions - Documenter et Maintenir Produire les documents techniques nécessaires permettant de décrire et d'expliquer les modèles développés et mis en production S'assurer du maintien en condition opérationnelle des modèles livrés - Veille technologique et innovation Contribuer à la veille technologiques (outils et frameworks), méthodologique et réglementaire dans le domaine de la data science Profil et compétences requises Formation supérieure en statistiques, mathématiques, informatique ou data science Maîtrise des langages de programmation (Python, SQL) et des bibliothèques data science (Pandas, scikit-learn, etc.) Connaissance de l'outil de data visualisation Power BI Notions de déploiement de modèles (API, Docker..) appréciées Connaissances des outils cloud (GCP, AWS, Azure) est un plus","
CDD - 3 Mois

Contrat travail
",00H/semaine,unspecified,unspecified,Forums talents handicap,3 An(s),CDD - 3 Mois,False
3276831,https://candidat.pole-emploi.fr/offres/recherche/detail/3276831,2025-10-04,Offre d'emploi Data Scientist Projets Pricing & Segmentation - Practice IA Margo H/F - 75 - Paris 1er Arrondissement - 3276831 | France Travail,75 - Paris 1er Arrondissement,"POSTE : Data Scientist Projets Pricing & Segmentation - Practice IA Margo H/F
DESCRIPTION : €50,000 - €60,000 a yearQui sommes nous ?  
Chez MARGO, nos consultants travaillent sur ce qui compte vraiment : des projets complexes qui allient challenge intellectuel et impact business réel.C'est pourquoi nous accompagnons les plus grands acteurs de la finance, de l'industrie et de la tech sur leurs projets les plus stratégiques en Data Science, Machine Learning et Intelligence Artificielle.  
Pourquoi rejoindre la practice IA ?  
Vous évoluerez au sein d'une équipe encadrée par Hamza Bouanani, Practice Manager IA chez MARGO, également Lead Data Scientist chez BNP Paribas.  
Travailler à ses côtés, c'est intégrer une équipe d'experts passionnés, être challengé sur le plan technique et méthodologique, et contribuer à des projets à fort impact pour les clients.  
Vos missions  
Nous recherchons actuellement un Data Scientist pour un groupe industriel français :Vous interviendrez sur plusieurs projets :   
- Projet pricing * Optimisation des prix à l'échelle * Estimation de l'impact des variations de prix et recommandations pour maximiser les ventes et les marges du groupe* Optimisation des prix selon les contraintes business, en interaction directe avec les métiers* Participation à la mise en production  
- Projet segmentation client * Amélioration de la qualité des données pour optimiser le ciblage des campagnes marketing ;* Réalisation de modèles de classification et régression simples, robustes et efficaces.  
- Recommandations * Définition et mise en place de réductions ciblées pour fidéliser les clients ;* Création d'outils d'aide à la décision pour les vendeurs, intégrant recommandations sur clients et produits ;* Collaboration étroite avec les métiers pour évaluer l'impact et le ROI des recommandations.  
- Votre rôle inclura également :* Phase de cadrage et définition des besoins avec les utilisateurs finaux ;* Phase R&D : analyse de données, tests et développement de modèles simples et efficaces ;* Validation avec les métiers et mise en production avec les équipes data engineering ;* Monitoring et suivi des modèles via dashboards Databricks.  
Profil recherché  
Nous cherchons des ingénieurs et data scientists exigeants, passionnés par l'IA et souhaitant évoluer dans des environnements complexes.  
- Formation Bac +5 (école d'ingénieur, université, PhD apprécié) ;- Solides compétences en Python et bibliothèques ML/DL (scikit-learn, TensorFlow, PyTorch, XGBoost, etc.) ;- Expérience en projets industriels à grande échelle, idéalement avec des équipes pluridisciplinaires ;- Intérêt marqué pour les environnements exigeants où la qualité prime sur la quantité ;- Esprit analytique, sens du challenge et goût pour les projets à forte valeur ajoutée.  
Ce que nous offrons  
- Des missions ambitieuses et variées, toujours sélectionnées pour leur valeur ajoutée ;- Un accompagnement de proximité par des experts reconnus ;- Une communauté d'ingénieurs passionnés, avec workshops, conférences et échanges réguliers ;- Une culture d'exigence technique, de partage des connaissances et de développement continu.  
La suite ?  
Premier entretien : Échangez avec un recruteur et un business developerEntretien Technique : Montrez vos compétences et recevez un retour d'expérienceEntretien de Motivation : Rencontrez un membre du comité de direction
PROFIL :","
CDI

Contrat travail
",00H/semaine,unspecified,unspecified,Margo conseil,Expérience exigée,CDI,False
3276137,https://candidat.pole-emploi.fr/offres/recherche/detail/3276137,2025-10-04,Offre d'emploi Data Scientist International H/F - 59 - Croix - 3276137 | France Travail,59 - Croix,"POSTE : Data Scientist International H/F
DESCRIPTION : Poste et missions
Être Data Scientist International F/H chez Oney, pourquoi c'est mieux ?  
Plus qu'un posteune mission pour vous ! Et quelle mission !
 
Rattaché à la Direction Risques de Crédit, Conformité et Contrôle Permanent et intégré au Département Pilotage Economique du Risque, Modèles Réglementaires et Data, votre rôle sera de garantir les normes de modélisation (IFRS9 &Bâle) du Groupe Oney et d'accompagner les équipes modélisation au sein des filiales à l'international.
 
Voici les missions que nous vous proposons :
 
- Garantir la déclinaison du corpus documentaire des modèles IFRS et modèles Bâlois respectant les normes du groupe BPCE ;
- Réaliser des Revues des Méthodes de provisionnement IFRS au sein des filiales pour garantir la correcte application de la norme Groupe Oney ;
- Être le référent Oney des normes de modélisation réglementaires dans le cadre de missions d'audit externes (Missions BCE) ou internes (Validation BPCE, Inspection Générale Groupe BPCE) ;
- Participer et contribuer aux ateliers réglementaires BPCE afin de faire évoluer le cadre méthodologique du groupe Oney ;
- Garantir la déclinaison de la politique du défaut et de la Forbearance BPCE aux bornes de Oney ainsi que de la déclinaison au sein de nos filiales ;
- Superviser les  exercices annuels de backesting des différents modèles ainsi que des contributions aux reportings réglementaires (Benchmark RWA, COREP, FINREP, SREP)
Vos principaux interlocuteurs seront :
- La Filière Risque Oney (France, Espagne, Portugal, Pologne)
- La Direction des Risques BPCE et plus particulièrement les équipes de modélisations ainsi que validation des modèles.
Profil et compétences requises
Ce qui nous plaira le plus chez vous, c'est vous-même ! Alors bien évidemment on vous préférera rigoureux, organisé, doté d'un excellent esprit d'analyse et de synthèse car c'est ce qui vous permettra de mener au mieux votre mission. Vous êtes reconnu pour votre forte capacité à comprendre et à challenger des sujets méthodologiques. Votre aisance relationnelle vous permet d'interagir à différents niveaux de l'organisation et avec différents interlocuteurs de façon transversale.
 
Dans votre bagage, on aimerait trouver une formation Bac +5 en Statistiques, Mathématiques ou Ecole d'Ingénieur, ainsi qu'une expérience minimum de 8 à 15 ans en environnement bancaire, sur un domaine Risque de Crédit, modèles IRB ou IFRS9.
 
Cette expérience vous aura permis d'acquérir de solides connaissances du cadre réglementaire en vigueur, des méthodes de modélisation et de suivi du risque de crédit, des calculs des RWA ou provisions. Vous maîtrisez les outils statistiques de modélisation et de gestion de bases de données (SAS obligatoire, Python, R, VBA, ) ainsi que le pack Office.
 
Vous justifiez d'un niveau d'anglais courant vous permettant d'interagir avec nos filiales en Europe. Des déplacements ponctuels en Europe sont à prévoir.
Informations complémentaires sur le poste
Faire partie de nos équipes, c'est contribuer à changer les modes de consommation pour une société plus équitable et plus responsable, en vous lançant dans une grande aventure au service du pouvoir de choix, de l'humain et de la performance.
 
Le pouvoir d'inventer le chemin professionnel unique qui ne ressemble qu'à vous. Le choix d'un lieu ouvert aux personnalités et aux divers talents, tous réunis pour créer la consommation de demain tout en facilitant les achats de nos clients au quotidien.  
  
Rejoindre Oney c'est intégrer un environnement de travail où le bien-être, l'inclusion et la diversité sont au coeur de notre engagement : ici chacun a le pouvoir d'agir pour son parcours !
PROFIL :","
CDI

Contrat travail
",00H/semaine,unspecified,unspecified,Oney,Expérience exigée,CDI,False
3272947,https://candidat.pole-emploi.fr/offres/recherche/detail/3272947,2025-10-04,Offre d'emploi Data Scientist Expérimenté - - Data Lab RH Groupe H/F - 75 - Paris 1er Arrondissement - 3272947 | France Travail,75 - Paris 1er Arrondissement,"POSTE : Data Scientist Expérimenté - - Data Lab RH Groupe H/F
DESCRIPTION : Data Scientist Expérimenté - H/F // Data Lab RH Groupe
Missions, équipe et environnement de travail, ça donne quoi ?
L'équipe People Analytics est le centre d'expertise Analytics & AI qui accompagne les équipes RH dans l'exploitation des données pour aider au pilotage stratégique des activités et à l'amélioration de l'expérience employée.
Elle construit des produits analytiques et d'IA, en agile, visant à :
-    Aider aux prises de décisions stratégiques pour la fonction
-    Améliorer l'expérience des collaborateurs du Groupe
-    Contribuer au dialogue avec les parties prenantes externes en rendant compte de nos actions RSE RH en tant qu'employeur responsable
-    Digitaliser des processus RH
Forte de son expérience sur l'accompagnement auprès de la filière RH sur des produits Analytics, notre équipe agrandit son offre de service, en proposant des solutions en Intelligence Artificielle Traditionnelle et Générative. Pour accompagner ces ambitions, nous travaillons avec les lignes RH sur l'identification des cas d'usage, leur développement et leur déploiement
En rejoignant l'équipe People Analytics en tant que Data Scientist vos principales missions seront :
-    Collaborer avec les Business Analysts en IA pour s'assurer que les produits développés répondent aux besoins des clients, et travailler avec l'équipe IT pour garantir la faisabilité technique pour l'industrialisation
-    Concevoir, développer et déployer des solutions en IA Classique ou Générative pour répondre à des cas d'utilisation des métiers
-    Développer des composants de notre Assistant Virtuel RH en utilisant des compétences en LLM, RAG et Agentique
-    Livrer des produits fiables et dignes de confiance, en assurant la protection des données personnelles les thématiques de sécurité, robustesse, fiabilité et éthique
-    Contribuer à l'amélioration et à l'optimisation continue des produits IA pour accroître leur précision, leur évolutivité
-    Optimiser l'efficacité computationnelle et les coûts, et assurer la conformité des solutions développées avec les gouvernances en place
-    Participer à l'amélioration continue des méthodologies IA et des méthodes de travail du Centre d'Expertise IA et des Data Scientists, et contribuer à la transformation Data de la filière RH
-    Se tenir à jour des avancées en IA et partager ses connaissances avec les collègues pour promouvoir une culture d'apprentissage axée sur l'innovation
Vous travaillerez dans un environnement hybride (sur site et télétravail) dans des locaux situés au 20, rue de Clichy dans le 9ème arrondissement à Paris. Vous pourrez y accéder facilement par le métro qui est situé à seulement quelques minutes.
Et après ?
Les nombreux interlocuteurs que vous aurez vous permettront de développer votre réseau et d'envisager d'intégrer différentes équipes au sein de RHG ou plus largement au sein des métiers du groupe.
Les avantages à nous rejoindre
Un package rémunération et des avantages :
- Un fixe annuel brut et un variable individuel (défini en fonction de votre performance et de celle de votre équipe).
- Plan épargne entreprise/retraite, intéressement et participation, couverture santé et prévoyance, activités sociales et culturelles via le comité d'entreprise
- De la flexibilité avec un rythme de de travail hybride :  jusqu'à 2,5 jours de télétravail par semaine à définir avec votre manager
Rejoignez un Groupe engagé et prenez part à notre grand projet de transformation vers la construction d'un monde plus durable.
Découvrez nos engagements pour notre clientèle et la société.
Engagez-vous à nos côtés sur votre temps professionnel, à travers notre programme OneMillionHoursToHelp.
Etes-vous notre prochain Data Scientist ?
Oui si vous avez un Bac +5 en informatique ou IA ou domaine similaire et au moins 5 ans d'expérience professionnelle dans le développement et déploiement d'applications basées sur de l'IA.
Sur la partie Data Science vous justifiez de :
-    Connaissances globales sur les différents types de modèles : supervisés, non supervisés, sur données structurées et non structurées
-    Expérience significative sur les concepts de NLP (Transformers, embeddings) et expérience en IA Générative : Modèles de langage (LLMs), prompt engineering, RAG, AI agent, évaluation des modèles génératifs
-    Maîtrise de la conception et du développement de systèmes multi-agents (MAS)
-    Connaissances en éthique de l'IA, biais algorithmiques, règlementations IA
-    Capacité de veille technologique sur les nouveautés et tendances en IA
Sur la partie programmation & outils :
-    Excellente","
CDI

Contrat travail
",00H/semaine,unspecified,unspecified,Bnp paribas,Expérience exigée,CDI,False
3326134,https://candidat.pole-emploi.fr/offres/recherche/detail/3326134,2025-10-04,Offre d'emploi Data Engineer H/F - 93 - Saint-Ouen-sur-Seine - 3326134 | France Travail,93 - Saint-Ouen-sur-Seine,"Mission Nous ne sommes pas seulement spécialisés dans le numérique. Nous intervenons également sur la data. Nous possédons une Practice Data qui se développe fortement grâce à nos partenaires stratégiques comme Snowflake, Informatica, Talend, Microsoft Azure, AWS, GCP, ou encore de gros éditeurs du marché comme Databricks, Dataiku, Microstrategy, Teradata, etc... Aujourd'hui, nous sommes capables d'asseoir notre expertise en accompagnant nos clients sur toute la chaîne de valorisation data (cas d'usage, développement, architecture, innovation, industrialisation).
Et si vous franchissiez une nouvelle étape dans votre carrière en rejoignant notre centre d'expertise BI & Big Data ?
Le centre d'expertise Data Solutions propose à ses clients un accompagnement de bout en bout des projets BI et Big Data avec une approche Data Driven. Il regroupe une cinquantaine d'experts data passionnés, tous attachés à notre culture interne (Excellence, Agilité, Positivité et Proximité).
Dans le cadre de sa forte croissance, nous recherchons un Data engineer Sénior (H/F).
Vos missions seraient les suivantes : Réaliser des POCs / POVs permettant de valider les principes techniques des projets
Développer des pipelines de données en intervenant sur les data platforms de nos clients en Python, en Java et Scala
Travailler avec les différents métiers sur les différentes phases jusqu'à l'industrialisation des applications : optimisation de code et optimisation de performances
Utiliser les infrastructures dans un contexte Cloud ou Big Data
Travailler dans un contexte Agile
Une connaissance Devops, CI/CD est un plus
Animer la communauté data en interne avec de la veille technologique, de la création de contenu de formation et bien d'autres sujets. Profil Vous êtes le bon candidat si : Vous avez déjà évolué dans le monde du développement en tant qu'ingénieur (java, scala ou Python) et que vous êtes à l'aise avec la manipulation de bases de données volumineuses
Vous avez 3 ans minimum d'expérience dans un contexte Big Data ou BI
Vous êtes à l'aise avec les principes du cloud. Si vous avez une première expérience sur AWS, GCP ou Azure c'est encore mieux !
Vous avez un esprit curieux, vous aimez le travail en équipe, et relever de nouveaux challenges fonctionnels et techniques. Le domaine lié à la data regorge d'entreprises qui peuvent vouloir vous attirer par des propositions plus alléchantes les unes que les autres. A la question « Pourquoi choisir Inetum ? », nous souhaitons vous répondre par nos différenciants : Travailler dans une entreprise où l'innovation est au coeur de notre activité grâce à nos 7 Fablab
Avoir l'opportunité d'appartenir à une vraie communauté data au sein d'un groupe international en pleine croissance
Profiter de l'expérience d'une équipe d'experts multidisciplinaires autour de la data pour mieux progresser dans ton projet professionnel grâce à notre Data Academy. Vous serez accompagné(e)s, coaché(e)s, mentoré(e)s dans le cadre du parcours collaborateur défini et en continuelle amélioration.
Capitaliser avec des formations et certifications sur les meilleures technologies Data du marché.
Prendre part à des projets techniques passionnants
Evoluer avec une forte autonomie dans un environnement bienveillant où prône l'échange, le partage et la polyvalence des missions. Durant vos missions/projets, votre Manager assure un suivi régulier auprès de vous, afin de vous aider à surmonter les difficultés ainsi que vous fournir les moyens de réussir l'atteinte de vos objectifs opérationnels. Lorsque vous serez dans le besoin, vous aurez la possibilité de faire appel à nos référents techniques, de consulter notre base de connaissance en permanente évolution, et de demander des renforts à votre Manager si vous pensez que la situation l'exige.
Assurer la veille technologique autour des technologies data et communiquer sur les tendances et les intuitions Bien entendu, en complément des aspects qui viennent de vous être présentés, Inetum propose des packages de rémunérations attractifs et alignés avec le marché, une flexibilité de télétravail en adéquation avec les modifications des habitudes et comportements dans notre ère post-covid, le tout dans un environnement où la bonne ambiance de travail est un objectif à part entière. Tous nos postes sont ouverts aux personnes en situation de handicap.
Rejoignez Inetum. #WeAreInetum Organisation Inetum est un leader européen des services numériques. Pour les entreprises, les acteurs publics et la société dans son ensemble, les 28 000 consultants et spécialistes du groupe visent chaque jour l'impact digital : des solutions qui contribuent à la performance, à l'innovation et au bien commun.
Présent dans 19 pays au plus près des territoires, et avec ses grands partenai","
CDI

Contrat travail
",00H/semaine,unspecified,unspecified,Unspecified,Expérience exigée,CDI,False
3325803,https://candidat.pole-emploi.fr/offres/recherche/detail/3325803,2025-10-04,Offre d'emploi Data Engineer H/F - France - 3325803 | France Travail,France,"Aquitaine CDI Formation métierassurée BS Digital, filiale du Groupe ISAGRI, développe des Assistants Métiers Intelligents basés sur l'IA, dont AMICOMPTA, solution qui automatise la gestion comptable et accompagne déjà des milliers d'entreprises. Notre défi : traiter plusieurs centaines de millions de factures et relever les enjeux de scalabilité et de performance.
Nous recherchons un(e) Data Engineer pour renforcer notre équipe et participer à cette aventure. Missions En collaboration avec les équipes Data Science, Développement et Produit, vous serez en charge de :- Concevoir, développer et maintenir des pipelines de données robustes et scalables.
- Assurer la qualité, la fiabilité et la disponibilité des données au sein de nos systèmes.- Optimiser les performances des traitements (batch & temps réel).- Participer à la mise en place et à l'évolution de notre infrastructure Data (cloud, CI/CD, monitoring).- Collaborer avec les Data Scientists pour l'industrialisation des modèles IA.- Contribuer aux projets stratégiques de modernisation et de montée en charge d'AMICOMPTA. Profil - Vous disposez de 3 à 4 ans d'expérience en Data Engineering dans un environnement de production.- Vous maîtrisez les concepts liés aux ETL, bases de données relationnelles et NoSQL, ainsi que les environnements Big Data.- Vous avez déjà travaillé avec des outils tels que Spark, Airflow, Kafka (ou équivalents).- Vous connaissez les environnements cloud (Azure, AWS ou GCP) et les pratiques CI/CD.- Vous êtes à l'aise dans un contexte Agile et appréciez le travail en équipe.- Curieux(se) et rigoureux(se), vous aimez relever des défis techniques autour de la scalabilité et de la data quality. Évolutions Rejoindre BS Digital, c'est bénéficier :- D'une formation continue et d'un plan de carrière personnalisé (management ou expertise technique).- D'un management de proximité et d'un environnement favorisant l'innovation.- D'opportunités d'évolution au sein du Groupe ISAGRI. Conditions proposées - Poste basé à Pau, à pourvoir dès que possible.- Rémunération : Fixe + Variable.- Télétravail possible jusqu'à 2 jours par semaine.
Dans le cadre de sa politique RH, ISAGRI étudie, à compétences égales, toutes candidatures dont celles de personnes en situation de handicap.","
CDI

Contrat travail
",00H/semaine,unspecified,unspecified,Unspecified,Expérience exigée,CDI,False
3294109,https://candidat.pole-emploi.fr/offres/recherche/detail/3294109,2025-10-04,Offre d'emploi Consultant Senior & Manager en Data consulting - secteur financier (H/F) - 75 - Paris - 3294109 | France Travail,75 - Paris,"L'opportunité
 
En travaillant dans une équipe en croissance sur les différents métiers Data & Analytics et Innovation, vous participez au développement des missions à forte valeur ajoutée auprès de nos clients (gestion de la donnée, processus de transformation, définition de moyen, machine learning, NLP, architecture, robotics, analyse quantitative, datamining, Big data, Data Science, algorithmique, blockchain, intelligence artificielle, digital,.).
 
Votre champ d'intervention s'étendra véritablement au niveau mondial et vous pourrez acquérir une expérience précieuse, bénéficiant de vastes possibilités de développement professionnel, tout en disposant de tout le soutien dont vous avez besoin pour atteindre votre potentiel.
 
Cette annonce est destinée aux candidats spécialisés en Data Science, mais nous recherchons des profils expérimentés et mobilisables sur le spectre élargi des métiers de la data.
 
Vos missions
 
Vous êtes amené à travailler sur des missions de conseil de différentes natures :
·        Cadrage et analyse fonctionnelle de projets de transformation de projet data analytics ou data science, définition de stratégie client en matière d'intelligence artificielle (use cases, trajectoires, roadmap.) 
Etudes et choix de solutions et de plateformes big data, analytics.
·        Conception et mise en place d'algorithmes prédictifs (scoring, classification, régression, clustering, ranking, etc.)
·        Conception et mise en place de solution en NLP, machine learning, deep learning.
·        Accompagnement au pilotage et à la gestion de projets data management
·        Conception et mise en œuvre de reportings décisionnels, coordination de projets.
·        Développement d'outils d'aide à la décision ou d'outils BI dans les domaines du customer, du digital, de la tarification, de la compliance.
·        Cartographie des processus de transformation de données
·        Assistance à la mise en œuvre d'exigences réglementaires
·        Veille sur l'évolution des méthodes, des pratiques, des outils.","
CDI

Contrat travail
",00H/semaine,unspecified,unspecified,Ey,3 An(s),CDI,False
3293912,https://candidat.pole-emploi.fr/offres/recherche/detail/3293912,2025-10-04,"Offre d'emploi CONTRÔLEUR DES ASSURANCES ""DATA QUALITY"" - H/F - 75 - Paris - 3293912 | France Travail",75 - Paris,"Vous participerez et, le cas échéant, piloterez, des missions de contrôle : préparation, investigations sur le terrain (entretiens, analyse de documents), rédaction du rapport de fin de mission et restitutions orales internes et externes.Vous serez plus particulièrement en charge :d'analyser l'organisation, la gouvernance et le dispositif de contrôle de la qualité des données ;d'évaluer la qualité des données (selon les critères retenus dans la réglementation Solvabilité II) en réalisant notamment des tests de qualité sur les données issues du système d'information de l'organisme contrôléEnfin, vous contribuerez à des travaux transverses, comme des enquêtes de marché, la mise à jour de la méthodologie de contrôle ou le support d'expertise technique pour le compte des autres directions.","
CDI

Contrat travail
",00H/semaine,unspecified,unspecified,Banque de france,3 An(s),CDI,False
3293911,https://candidat.pole-emploi.fr/offres/recherche/detail/3293911,2025-10-04,"Offre d'emploi Consultant Senior ou Manager Data Engineering - secteur Financier, H/F - 75 - Paris - 3293911 | France Travail",75 - Paris,"Selon votre parcours, vos expériences et votre expertise, vous serez amené(e) à apporter vos compétences à des équipes engagées sur des missions de conseil de différentes natures :
 
Étude, développement et implémentation de solutions afférentes à une plateforme data et ses composantes (outil de visualisation, de consommation de la donnée, d'ingestion, etc.), en travaillant de pair avec des interlocuteurs fonctionnels et techniques
Travaux techniques de chargement et de transformation de la donnée à l'aide de langages de programmation et à des fins diverses
Compréhension et cartographie des processus de transformation de données
Cadrage et analyse fonctionnelle de projets de transformation data 
Définition de stratégie client en matière d'intelligence artificielle (use cases, données, trajectoire, roadmap.)?
Accompagnement au pilotage, à la coordination et à la gestion de projets data 
Veille sur l'évolution des méthodes, des pratiques, des outils.
 
 
Vous pourrez continuer de développer des compétences dans les domaines de votre choix grâce à l'approche de formation continue d'EY.","
CDI

Contrat travail
",00H/semaine,unspecified,unspecified,Ey,3 An(s),CDI,False
3271989,https://candidat.pole-emploi.fr/offres/recherche/detail/3271989,2025-10-04,Offre d'emploi Coordinateur Data - IA Factory H/F - 44 - Nantes - 3271989 | France Travail,44 - Nantes,"POSTE : Coordinateur Data - IA Factory H/F
DESCRIPTION : Le Département des Ressources Numériques (DRN) gère le SI de l'ensemble de la collectivité, au service des 150 métiers qui font nos villes au quotidien (mobilités, éducation, gestion des déchets, transition énergétique, gestion de l'eau, culture)
La Data Factory est un lieu transversal où l'on invente et anime des projets data et IA à fort impact. Nouvellement créée, elle doit permettre la montée en puissance de l'usage des données au sein de la Métropole. Pour cela, elle mobilise les expertises du DRN et des métiers ; et propose des actions de sensibilisation, de design de cas d'usages, d'expérimentation puis d'industrialisation des cas d'usages retenus.
En tant que coordinateur·trice Data Factory, vous serez au carrefour de la stratégie data/IA et des métiers de la Métropole.
 Vos missions :
- Mettre en oeuvre la stratégie Data & IA de la collectivité et construire une feuille de route pluriannuelle 
Fédérer les expertises internes et créer une dynamique collective autour de la donnée : acculturation data, mise en place progressive d'une gouvernance
- Accompagner les métiers en avant projets : identification des gisements de données, priorisation des cas d'usage, cadrage des opportunités.
- Piloter certains projets et expérimentations data/IA multi-compétences
- Assurer la coordination des intervenants au sein des différentes équipes du DRN, organiser le partage de l'information sur les projets data en cours et à venir
PROFIL : Vous maîtrisez les tendances d'évolution de la sphère data, idéalement avec une bonne compréhension des enjeux spécifiques à la fonction publique. Expérimenté en analyse et valorisation de données ; vous avez notamment une bonne connaissance des outils décisionnels (Qlik Sense) et, idéalement, des SI géographiques (ESRI). Vous avez une forte expérience en assistance à maitrise d'ouvrage data, avec animation de groupes de travail et conduite de projets en environnement matriciel. Votre diplomatie, votre sens de la pédagogie, votre aisance relationnelle et votre capacité d'initiative vous permettront d'être identifié.e comme un acteur utile et facilitant au sein du Département des ressources numériques et de la collectivité.","
CDI

Contrat travail
",00H/semaine,unspecified,unspecified,Nantes métropole,Expérience exigée,CDI,False
3296123,https://candidat.pole-emploi.fr/offres/recherche/detail/3296123,2025-10-04,Offre d'emploi RESPONSABLE DU POLE ENTREPOT ET ANALYTICS - F/H (H/F) - 75 - Paris - 3296123 | France Travail,75 - Paris,"Au sein de la direction exécutive du secrétariat général, le département des systèmes d'information comprend 9 divisions : ·       Division Appui Qualité et Transverse (AQT) ·       Division Sécurité Informatique, Urbanisation et lutte contre l'Obsolescence (SUO) ·       Division Intégration et Architecture Applicative (IAA) ·       Division Infrastructure et Services d'Exploitation (ISE) ·       Division Support et Services aux Utilisateurs (SSU) ·       Division Applis Transverses (ATR) ·       Division Applis Opérations (APO) ·       Division Appli Finances et Risques (ARF) ·       Division Offres & Services Data (OSD)   Ces 9 divisions ont été réparties sous 3 expertises :  ·       Expertises Transverses sous management du DSI ·       Expertises Techniques sous management du DSI Adjoint Technique ·       Expertises Métier et Data sous management de la DSI Adjointe Métier et Data  Directement rattaché au responsable de la division, vous intervenez en tant que manager du pôle PEA (Pôle Entrepôt et Analytics). Vos missions sont les suivantes :  ·       Organisation et suivi opérationnel du pôle ·       Pilotage de l'activité ·       Contribution au déploiement de la stratégie définie dans le cadre du POSI ·       Préparation des comités et instances ·       Participation à la démarche d'amélioration continue ·       Gestion administrative, financière, RH et juridique du pôle  En détail, vos activités : Organisation et suivi opérationnel du pôle  Être le manager hiérarchique et opérationnel du pôle PEA (coordinateur technique, architecte flux, chef de projet SI, conception fonctionnelle et développement .) Être responsable de l'avancement des sujets (run, évolutions et projets), dans toutes les dimensions (stratégiques, financières, juridiques, organisationnelles et techniques) Etre le responsable du maintien en bon fonctionnement de toutes les applications du pôle et du traitement des incidents et des demandes utilisateurs associées Appuyer les collaborateurs de l'équipe en cas de difficulté Résoudre les difficultés (et les remonter le cas échéant au management de la division) Communiquer de manière synthétique et proactive sur les avancées des chantiers Organiser les travaux de l'équipe  Pilotage de l'activité  Identifier et collecter les sujets (notamment des autres divisions) �"" et mettre ainsi à jour la feuille de route du pôle Prioriser / faire prioriser les projets, demandes d'évolution et résolution de bugs du pôle  ·       Etablir un plan de capacité selon i) la bande-passante de l'équipe et ii) les besoins remontés par les autres divisions (notamment les 3 divisions applicatives de la DSI : ARF, APO et ATR) ·       Mesurer et suivre la vélocité de l'équipe �"" et l'utiliser dans la revue du plan de capacité ·       Définir des indicateurs liés à l'activité de l'équipe (délai / coût moyen d'une interface, nombre de bugs par livraison, etc.) �"" et les suivre de manière régulière ·       Mesurer, suivre et garantir la qualité finale du service (SLA, atteintes des objectifs, .) Contribution au pilotage du déploiement de la stratégie définie dans le cadre du POSI  S'assurer de la cohérence et de la bonne réalisation des chantiers du pôle, en adéquation avec la stratégie métier et/ou IT. S'assurer du maintien à niveau et de l'efficacité de ces infrastructures en favorisant des activités de veille technologique au sein du pôle. Proposer des chantiers/projets qui vont concourir à l'atteinte des objectifs stratégiques Echanger avec le management DSI et les architectes / urbanistes sur la rationalisation des « briques » applicatives, le changement de technologies ou le décommissionnement d'applications  Préparation des comités et instances  En préparation et participation aux instances de suivi des projets/run  En tant que membre du comité de la division OSD :   Participation à la démarche d'amélioration (projets et run)  Optimiser les process majeurs du pôle, indispensables pour garantir le maintien en condition opérationnelle des systèmes d'information tels que (liste non exhaustive en identifiant) :   o   Le plan de secours et de sauvegarde o   La planification, mise en �""uvre et suivi des recommandations (IGE, CACs, .) ·       Gérer de manière réactive, toute situation entrainant une interruption de service (actuelle ou future) ou une mise en danger des systèmes d'information de l'AFD. ·       Participer activement à l'optimisation des process et à fluidifier les relations entre son pôle, le reste de la division OSD, ainsi que et les autres divisions de la DSI.  Identifier et porter des chantiers d'optimisation au sein de sa division  Gestion administrative, financière, RH et juridique   Gestion budg�","
CDI

Contrat travail
",00H/semaine,unspecified,unspecified,Afd - agence française de développement,Débutant accepté,CDI,True
3273845,https://candidat.pole-emploi.fr/offres/recherche/detail/3273845,2025-10-04,Offre d'emploi Développeur Python Expérimenté Expert IA H/F - 38 - Meylan - 3273845 | France Travail,38 - Meylan,"POSTE : Développeur Python Expérimenté Expert IA H/F
DESCRIPTION : Dans le cadre de son développement et pour enrichir son logiciel avec de nouvelles fonctionnalités et de l'intégration accrue de l'intelligence artificielle, l'entreprise renforce son équipe technique en recrutant un(e) développeur.euse Python expérimenté
Vos missions
- Concevoir et développer des agents IA (tool calling, multi-étapes, gestion d'état).
- Contribuer à la mise en place de graphes d'orchestration (LangGraph) pour des cas d'usage spécifiques.
- Implémenter des pipelines RAG (ingestion, chunking, indexation, retrieval, réécriture, context management).
- Intégrer des outils externes (APIs métier, GED, emails, webhooks) en assurant sécurité et gestion des accès.
- Exposer les fonctionnalités IA via API (FastAPI ou équivalent) avec des contrats stables et documentés.
- Définir et exécuter des tests (unitaires, fonctionnels), mettre en place des guardrails et assurer la conformité RGPD.
Votre profil
- Vous avez une formation Bac +3 minimum en développement informatique ou équivalent.
- Vous maîtrisez Python (typage, Pydantic, asyncio, packaging, tests) avec une expérience minimum de 5 ans.
- Vous avez une expérience confirmée en développement d'API (FastAPI ou équivalent).
- Vous connaissez la conception d'agents IA et idéalement les frameworks LangChain/LangGraph.
- Vous disposez de solides bases en SQL (PostgreSQL apprécié).
Les + du poste
- Participation à des projets ambitieux et stratégiques dans le domaine immobilier.
- Environnement technique innovant et collaboratif.
- Organisation du travail hybride : 2 jours en présentiel, 3 jours en télétravail.
- Équipe dynamique, à taille humaine, valorisant la créativité.
INDSP
PROFIL :","
CDI

Contrat travail
",00H/semaine,45000.0,60000.0,Cofabrik,Expérience exigée,CDI,False
3270747,https://candidat.pole-emploi.fr/offres/recherche/detail/3270747,2025-10-04,Offre d'emploi Ingénieur de Recherche en Deep Learning H/F - 78 - Vélizy-Villacoublay - 3270747 | France Travail,78 - Vélizy-Villacoublay,"POSTE : Ingénieur de Recherche en Deep Learning H/F
DESCRIPTION : Au sein du Département Corporate Research & Science, vous intégrerez l'équipe AI for ManufacturingWorld Twin qui s'intéresse à des problématiques liées à l'Intelligence Artificielle dans des environnements industriels mixant le réel et le virtuel, à l'image des jumeaux virtuels.
Quand la donnée est rare et confidentielle, les univers virtuels peuvent être un atout majeur pour la modélisation mathématique et l'apprentissage statistique afin de capitaliser et automatiser le savoir-faire industriel.
Si les techniques d'apprentissage statistique ont prouvé leur efficacité sur des données réelles collectées par des capteurs physiques (caméras, appareils photo, etc.), leur déploiement dans des environnements 3D mixant le réel et le virtuel, reste un défi majeur. Ce domaine soulève encore de nombreuses questions, en particulier en ce qui concerne la robustesse, la capacité de généralisation et l'adaptation aux contraintes industrielles. En nous appuyant sur les avancées des Vision-Language Models et sur de nouveaux paradigmes d'apprentissages, nous cherchons à concevoir des solutions innovantes, capables de s'adapter à des contextes industriels variés et en constante évolution.
Vos missions:
- Réaliser des études et référentiels sur des technologies clés autour des jumeaux virtuels et différents paradigmes d'apprentissages au service de l'industrie.
- Développer des prototypes et des composants technologiques innovants.
- Démontrer l'applicabilité et l'usage des composants dans des scénarii adaptés aux besoins de la R&D.
- Au travers des études et prototypes réalisés, il/elle élaborera des recommandations technologiques et il/elle accompagnera leur transfert vers les équipes de développement produit.
- Participation à l'écriture de brevets dans le cadre de ses travaux.
Vos qualifications :
-Doctorat (PhD) en Machine Learning / mathématique appliquée ou formation d'ingénieur ou universitaire (de type Bac +5) avec une majeure en Machine Learning / Data Science, vous avez minimum 4 ans d'expériene.
-Vous disposez de solides connaissances en mathématiques appliquées, algorithmique, modélisation 3D et apprentissage statistique.
-Vous disposez de compétences en programmation en python et C++, Frameworks de Deep Learning (e.g. Tensorflow, Pytorch) et en rédaction de document et de présentation.
-Une expérience professionnelle avec les Vision Language Models et/ou le Reinforcement Learning est un véritable plus.
-Vous avez un bon niveau d'anglais
-Outre les compétences techniques, vous êtes doté(e) d'un esprit d'analyse et de synthèse, d'une bonne aptitude à la restitution d'information et à la communication.
PROFIL :","
CDI

Contrat travail
",00H/semaine,unspecified,unspecified,Dassault systèmes,Expérience exigée,CDI,False
3263751,https://candidat.pole-emploi.fr/offres/recherche/detail/3263751,2025-10-03,Offre d'emploi Data Scientist - Practice IA chez Margo Projets Marketing & Optimisation H/F - 75 - Paris 1er Arrondissement - 3263751 | France Travail,75 - Paris 1er Arrondissement,"POSTE : Data Scientist - Practice IA chez Margo Projets Marketing & Optimisation H/F
DESCRIPTION : €50,000 - €65,000 a yearQui sommes nous ?  
Chez MARGO, nos consultants travaillent sur ce qui compte vraiment : des projets complexes qui allient challenge intellectuel et impact business réel.C'est pourquoi nous accompagnons les plus grands acteurs de la finance, de l'industrie et de la tech sur leurs projets les plus stratégiques en Data Science, Machine Learning et Intelligence Artificielle.  
Pourquoi rejoindre la practice IA ?  
Vous évoluerez au sein d'une équipe encadrée par Hamza Bouanani, Practice Manager IA chez MARGO, également Lead Data Scientist chez BNP Paribas.  
Travailler à ses côtés, c'est intégrer une équipe d'experts passionnés, être challengé sur le plan technique et méthodologique, et contribuer à des projets à fort impact pour les clients.  
Vos missions  
Nous recherchons actuellement un Data Scientist pour un grand groupe industriel français afin de contribuer à un projet stratégique d'optimisation marketing.  
Vos missions incluront :- Développement et déploiement de modèles de Marketing Mix Modeling (MMM) exploitant de larges volumes de données marketing (TV, digital, réseaux sociaux, expériences de marque, etc.) pour mesurer l'impact des investissements sur les ventes et la valorisation des marques ;- Livraison de modèles à grande échelle sur des marchés stratégiques, intégrant des environnements complexes et hétérogènes ;- Calcul et suivi d'indicateurs clés tels que le ROS (Return on Spend) et le ROI (Return on Investment) par canal et par marque ;- Interaction directe avec les équipes marketing afin de fournir des recommandations sur l'allocation budgétaire optimale ;- Participation à l'évolution du code et des approches dans le cadre de futures migrations de données ;- Contribution à de nouveaux projets autour de l'IA générative appliquée à la création de contenus marketing.  
Environnement techniqueInfrastructure : AzurePréparation des données : PySpark, Databricks, SnowflakeDéveloppement ML : Python (VS Code), AzureMLOutils de développement : Git (Azure DevOps), Postman, StreamlitDocumentation : NotionMéthodologie : Agile / Scrum  
Profil recherché  
Nous cherchons des ingénieurs et data scientists exigeants, passionnés par l'IA et souhaitant évoluer dans des environnements complexes.  
- Formation Bac +5 (école d'ingénieur, université, PhD apprécié) ;- Expérience en Data Science appliquée à des problématiques business (idéalement marketing, pricing, allocation budgétaire, etc.) ;- Maîtrise de Python et des bibliothèques ML (scikit-learn, XGBoost, PyTorch, TensorFlow, etc.) ;- Connaissance des environnements cloud (Azure, Databricks, Snowflake) ;- Goût du travail collaboratif avec les équipes métier et capacité à vulgariser les résultats ;- Esprit analytique, rigueur et sens du challenge.  
Ce que nous offrons  
- Des missions ambitieuses et variées, toujours sélectionnées pour leur valeur ajoutée ;- Un accompagnement de proximité par des experts reconnus ;- Une communauté d'ingénieurs passionnés, avec workshops, conférences et échanges réguliers ;- Une culture d'exigence technique, de partage des connaissances et de développement continu.  
La suite ?  
Premier entretien : Échangez avec un recruteur et un business developerEntretien Technique : Montrez vos compétences et recevez un retour d'expérienceEntretien de Motivation : Rencontrez un membre du comité de direction
PROFIL :","
CDI

Contrat travail
",00H/semaine,unspecified,unspecified,Margo conseil,Expérience exigée,CDI,False
3261087,https://candidat.pole-emploi.fr/offres/recherche/detail/3261087,2025-10-03,Offre d'emploi Data Scientist - Toulouse H/F - 31 - Toulouse - 3261087 | France Travail,31 - Toulouse,"POSTE : Data Scientist - Toulouse H/F
DESCRIPTION : Dans un contexte de croissance de nos activités, nous recherchons un(e) Data Scientist pour rejoindre notre équipe toulousaine.
Votre rôle sera de :
- Développer des modèles
- Effectuer des tests unitaires
- Participer aux phases de test et de mise en service
- Rédiger de la documentation technique, et communiquer efficacement avec les parties prenantes (chef de projet, opérationnels, etc.)
Les livrables attendus comprennent des modèles performants, du code source commenté et documenté, ainsi qu'une documentation technique de qualité.
Vous serez également chargé(e) de former les utilisateurs à l'utilisation des modèles.
PROFIL : Compétences nécessaires :
- Solide expérience en modélisation mathématique, machine learning, deep learning
- Maîtrise des langages de programmation tels que Python, R, C++, C#
- Maîtrise du français et bonne maitrise de l'anglais
Compétences souhaitées :
- Expérience de travail en méthode agile
- Capacité à travailler en équipe et esprit d'équipe
- Familiarité ou appétence avec des plateformes de Cloud ou encore des outils de Viz
Compétences qui seraient un plus :
- Capacité d'auto-formation","
CDI

Contrat travail
",00H/semaine,38000.0,58000.0,Mp data,Débutant accepté,CDI,True
3244022,https://candidat.pole-emploi.fr/offres/recherche/detail/3244022,2025-10-03,Offre d'emploi DATA SCIENTIST BI - ALTERNANCE H/F - 91 - Paray-Vieille-Poste - 3244022 | France Travail,91 - Paray-Vieille-Poste,"Dans le cadre de son développement, le service de la Direction de l'Innovation, de l'Information et du Développement recherche son alternant(e) BI/Datascience au sein de notre Direction Régionale de GSF Airport CDG située à  Paray-Vieille-Poste (91550).
Vous travaillerez en étroite collaboration avec notre équipe Data pour analyser des données, développer des tableaux de bord et fournir des insights précieux pour soutenir nos décisions stratégiques

Votre quotidien ?
 
Collecter, nettoyer et analyser des données provenant de diverses sources en utilisant un ETL (Extract, Transform, Loading) ou des scripts python.
Développer et maintenir des tableaux de bord et des rapports BI en collectant et analysant les données commerciales par exemple, puis de créant un tableau de bord interactif pour visualiser les tendances et les performances.
Participer à l'amélioration continue des processus de collecte et d'analyse de données en collaborant avec les équipes pour identifier les inefficacités dans les processus de collecte et d'analyse de données, et proposer des améliorations.
Collaborer avec les équipes internes du terrain pour comprendre leurs besoins en données et fournir des solutions BI adaptées.
Contribuer à des projets de data science et d'analyse prédictive en utilisant des techniques de data science pour analyser des données du groupe et prédire les comportements futurs et proposer des stratégies adaptées.
		
	Étudiant(e) en 4ème ou 5ème année en université avec une spécialisation en Data, BI, Informatique ou équivalent, vous disposez de compétences  préalables en programmation (ex : Python, SQL).
Doté(e) de bonnes compétences en communication et d'une forte capacité à travailler en équipe.
 
Ce que nous offrons ? 

Une expérience enrichissante au sein d'une équipe motivée.
La possibilité de travailler sur des projets variés et stimulants.
Un environnement de travail collaboratif et bienveillant.
Des opportunités de développement professionnel et personnel.","
CDD - 24 Mois

Cont. professionnalisation
","00H/semaine
Travail en journée",800.0,1700.0,Gsf propreté et services,1 An(s),CDD - 24 Mois,False
3238612,https://candidat.pole-emploi.fr/offres/recherche/detail/3238612,2025-10-03,"Offre d'emploi Data Scientist F/H - Système, réseaux, données (H/F) - 38 - Grenoble - 3238612 | France Travail",38 - Grenoble,"Descriptif du poste:

Data Scientist, tu contribueras aux développements d'algorithmes et modèles IA pour les leaders de l'industrie (Airbus, Renault, Safran, CMA, Nexans, etc). Nos technologies propriétaires sont le fruit d'une R&D interne active. 
L'IA appliquée aux plans de 3D (automobile et aéronautique), l'optimisation de flux logistiques, la performance des chaines de production, la politique de pricing, etc. Le terrain de jeu est vaste.
Tu devras proposer les modèles et algorithmes pertinents dans le respect des délais, avec toujours un haut niveau de qualité. Tu pourras également contribuer aux activités d'intégration back-end.
Nous travaillons en équipe dans nos locaux avec possibilité de télétravail 2 jours par semaine. Le package est attractif (salaire fixe + primes), avec mutuelle, tickets restaurants, frais de transports, etc.
Nos atouts
* Une équipe soudée, favorisant la montée en compétences
* La R&D sur projet client et en interne, pour rester à la pointe des technologies développées
* Une forte expertise en développement logiciel, nous livrons des solutions utilisées par des centaines d'utilisateurs
* L'association avec STEP, groupe de 60 collaborateurs entre Paris et Toulouse, avec qui nous travaillons au quotidien
* Possibilité de télétravail 2 jours par semaine
* Les team events ;

Profil recherché:

Ingénieur passionné par l'IA et les nouvelles technologies data, à la recherche de nouveaux défis, d'impacts concrets et d'une montée en compétences rapide.
* Diplômé d'une grande école d'ingénieurs du groupe A / A+,  spécialité data et informatique, avec ou sans PhD
* Maitrise de la programmation Python et SQL
* Curieux, avec d'excellentes connaissances en IA (LLM, RL etc), recherche opérationnelle et/ou de l'expérience en tant que Data Engineer dans l'analyse massive de données / Big Data
* Motivé et engagé, avez l'envie d'apprendre en diversifiant tes compétences et surtout de voir l'impact de ton travail !","
CDI

Contrat travail
",00H/semaine,unspecified,unspecified,D3s,Débutant accepté,CDI,True
3237290,https://candidat.pole-emploi.fr/offres/recherche/detail/3237290,2025-10-03,Offre d'emploi Data Scientist F/H (H/F) - 44 - Nantes - 3237290 | France Travail,44 - Nantes,"Vous rejoignez la Direction Conformité de Nickel en tant que Data Scientist. Vous travaillez en étroite collaboration avec la Direction Conformité, l'équipe Data Central et la communauté de Data Champions de Nickel, pour contribuer à améliorer le dispositif de Conformité et les pratiques de Data et Decision Science.

A ce titre, vos missions sont les suivantes :

 * Prendre part à la création de nouveaux algos (financement du terrorisme, détection de réseaux de blanchiment d'argent, blanchiment de fraude, screening....), modélisation des comportements et des risques (via des méthodes de machine learning notamment).
 * Participer à l'évolution des outils Data d'aide à l'analyse conjointement avec l'équipe Data Central (Investigator, Compliance Fighter, Compliance Buddy.)
 * Développer et maintenir des tableaux de bord automatisés permettant de suivre les indicateurs d'activité de la Fonction (suivi du taux de pertinence des algorithmes, outils de pilotage quotidien des managers Conformité, indicateurs de risques...)
 * Contribuer aux initiatives d'amélioration des process et des outils afin de renforcer la qualité et l'efficacité opérationnelle
 * Contribuer aux différentes initiatives IA sur les activités opérées à la Compliance
* Vous êtes issu d'une formation d'ingénieur, ou en statistiques et informatique décisionnelle niveau Master, Bootcamp et vous disposez d'une première expérience de minimum 5 ans sur des sujets Data.
 * Vous avez de bonnes connaissances en SQL (BigQuery/dbt) et Python.
 * Une première expérience avec Google Cloud Platform (BigQuery, Looker Studio, Cloud Storage, etc) et Git est appréciée.
 * Une première expérience bancaire est appréciée.
 * Vous avez un fort attrait pour la data (structurée ou non), pour son exploitation et vous savez adapter vos travaux à différents publics.
 * Dans le cadre du développement à l'international de Nickel vous avez un bon niveau en anglais
 * Vous apprenez vite, vous êtes rigoureux et motivé par les défis ambitieux. Vous aimez trouver des idées et êtes force de proposition

Rémunération : 45 à 55k€

 Avantages

 * Accord de télétravail 
 * Parcours de carrière dynamique
 * 25 jours de congés payés + 5 Nickel Days (+3 après 2 ans d'ancienneté) 
 * Epargne salariale : accord de participation et abondement
 * Pass Mobilité  500€ par an pour financer vos dépenses en lien avec la mobilité durable (sur vos déplacement -domicile/travail)
 * La carte ticket restaurant 
 * Avantages collaborateurs BNP Paribas : taux et tarifs préférentiels
 * Mutuelle avantageuse Henner et prévoyance
 * CSE (Chèques vacances, activités extra-professionnelles, etc)
 * Partenariat Gymlib pour les activités sportives et de bien-être
 * Localisation Gare Sud - Nantes

Le succès de Nickel, c'est la diversité des profils et la richesse des parcours de chacun de nos collaborateurs. Plus qu'un diplôme, c'est votre personnalité et votre envie de nous rejoindre qui fera la différence !","
CDI

Contrat travail
",39H/semaine,45000.0,55000.0,Financiere des paiements  electroniques,5 An(s),CDI,False
3236905,https://candidat.pole-emploi.fr/offres/recherche/detail/3236905,2025-10-03,"Offre d'emploi Data Scientist F/H - Système, réseaux, données (H/F) - 94 - Créteil - 3236905 | France Travail",94 - Créteil,"Descriptif du poste:

Votre poste
Au sein de l'équipe Data Science, nous avons pour mission d'améliorer la performance des laboratoires des prescription au travers de l'utilisation de modèle de machine learning, de la data science et de l'IA.

Le Data Scientist, au sein de l'équipe, développe des algorithmes d'apprentissage automatique selon les besoins des équipes métiers.
Ses compétences en mathématiques lui permettent de
construire des modèles de machine learning et ses connaissances en informatique l'aident à anticiper leur mise en production. En amont de ces deux missions, il a également la charge de structurer et d'analyser les données qu'il utilise.
 
Responsabilités principales
Dans ce contexte, votre mission s'articulera autour des activités suivantes :
- Extraire les données nécessaires à l'analyse (export, API, web scraping).
- Définir des règles de gestion de nettoyage des données (formatage, suppression des doublons, des valeurs manquantes ou aberrantes.).
- Définir des règles de gestion de structuration des différentes données entre elles.
- Écrire et rédiger les spécifications d'automatisation des règles de gestion à la DSI ou à la maîtrise d'ouvrage.
- Contribuer à l'Innovation par dépôt de brevet au sein de l'équipe
-Assurer la qualité des données et garantir leur confidentialité tout au long de leur traitement.
-Déterminer ou construire les variables importantes (« features ») à introduire dans les modèles prédictifs.
-Élaboration d'algorithmes d'intelligence artificielle
-Analyser les données en utilisant des méthodes statistiques classiques.
-Créer et tester des algorithmes d'apprentissage automatique (machine learning, deep learning.).
-Construire les données d'entraînement des modèles.
-Réaliser une amélioration continue des modèles.
-Participation active aux projets
-Comprendre précisément les problématiques métiers et les traduire de manière analytique.
-Former et faire monter en compétence une équipe de travail / collègues métiers autours des sujets de l'IA.
-Communiquer les résultats et les solutions avec les équipes métiers.

Profil recherché:


De formation Bac+5 en Data Science, vous justifiez d'une expérience précédente dans l'industrie ophtalmiques et connaissez la fabrication des verres ophtalmiques
Compétences en IA Générative, computer vision (maitrise des outils tels que OpenCV,TensorFlow) et data science indispensables
Compétences en programmation (langage de script type Python, Apache Spark, Jupyter et Snowflake) et en machinelearning ; datavisualisation
Bonne maîtrise de l'anglais
Collaboration et esprit d'équipe
Capacité d'analyse et de synthèse","
CDD - 6 Mois

Contrat travail
",00H/semaine,unspecified,unspecified,Essilorluxottica,1 An(s),CDD - 6 Mois,False
3233706,https://candidat.pole-emploi.fr/offres/recherche/detail/3233706,2025-10-03,Offre d'emploi Consultant Senior Data Scientist GenAI - F/H/N (H/F) - 75 - Paris - 3233706 | France Travail,75 - Paris,"Description de l\'entreprise
Premier cabinet d'architectes IT fondé en 1998, pionnier du delivery agile et véritable concentrateur de talents. Nous incarnons les nouvelles façons de faire du conseil et du Delivery. Digital Doers & Thinkers est notre marque de fabrique. 
Nous privilégions aujourd\'hui notre positionnement Agile & DeepTech et sommes engagés quant à notre responsabilité sociale et environnementale
Description du poste
 ️ DÉMARRAGE POSSIBLE À PARTIR DE SEPTEMBRE 2025
Vous faites partie de celles et ceux qui pensent que même avec plusieurs années d'expérience, on continue à apprendre ? Alors nous sommes sur la même longueur d\'onde ! Et si on en parlait ?
Au sein de l'Atelier Data & AI, on retrouve des communautés de pratique organisées par tribus. L'idée, c'est de se retrouver et de partager des expertises communes, de développer ses compétences en équipes à taille humaine. Vous aurez donc pour missions de faire du conseil, du delivery et de la R&D.
Être Consultant Data Scientist senior GenAI chez OCTO, c'est : 
- Faire du conseil autant que du delivery : accompagner nos clients dans la mise en œuvre de solutions autour de la gestion et transformation de leur Data. Participer au développement agile et à l'implémentation d'applications dans le respect des bonnes pratiques. Et bien sûr, qui dit conseil, dit convictions : proposer la solution la plus adaptée, c'est aussi savoir et oser challenger nos clients (et c'est dans notre ADN !) 
- Participer aux réponses aux appels d'offres et avant-ventes
- Participer activement à la R&D ""Data & AI"" : au programme, veille technologique & bonnes pratiques. Quelques sujets ""chauds"" du moment ? Le Green AI , Green Data et AI4Green  
- Former & mentorer : le partage de connaissances et la montée en compétences des collaborateurs vous importent ? Nous sommes convaincus et prônons haut et fort la valeur de transmission. Mentoring et gestion de votre carrière seront donc à l'honneur. Et oui, chez OCTO le savoir n'est pas chasse gardée !
Qualifications
Promis pas de liste à rallonge, mais des compétences clés pour vous permettre de réussir chez nous : 
Un socle de savoir-faire techniques et des expériences significatives sur : 
- Les principaux usages des LLMs (RAG, Prompt Engineering, Agents, fine-tuning de LLM)
- Un ou plusieurs domaines de la Data Science (NLP, Computer Vision, Time Series)
- L'environnement des modèles Open Source (Hugging Face) et les principaux frameworks de deep learning (TensorFlow, PyTorch, etc) 
- L'industrialisation et le monitoring de modèles de Machine Learning 
- Un ou plusieurs environnements cloud (AWS, GCP, Azure)
- Les méthodologies agiles et les bases du software craftsmanship (une connaissance des méthodologies DevOps ou DataOps est un plus :) )
.last but not least: une bonne maîtrise de l'anglais, à l'oral comme à l'écrit :) 
Un panel de savoir-être : un esprit franc-tireur capable de (se) questionner et de challenger les idées, une forte appétence pour le travail en équipe et la réussite collective. 
 
Informations supplémentaires
Et parce que nous savons qu'un job n'est pas ""juste"" un job, on vous partage aussi quelques petits + qui font notre différence :
- 6 participations, 6 podiums au palmarès « Great Place To Work », le bien-être et la progression des Octos est vraiment au cœur de nos préoccupations 
- ""There is always a better way"" : nous encourageons et soutenons l'innovation par la R&D. Au-delà d'une direction Scientifique dédiée, nous valorisons le temps hors mission pour partager ses connaissances : blog OCTO, talks, meet-up, livre blanc, BBL. en bref de l'open source alimenté par tous les Octos 
- Parce que ce ne sont pas que des mots, nous marquons au quotidien notre engagement en matière de numérique responsable : depuis 2021 OCTO est Certifié BCorp. Nous formons les Octos et nos clients à la fresque du climat et œuvrons pour la sobriété numérique en interne et auprès de nos clients 
- Le management est un point central de notre culture. Les Octos managers sont formés pour vous accompagner dans le développement de votre carrière 
- Parce qu'on n'a jamais fini d'apprendre, vous pourrez tirer parti de notre large offre de formations (softskills, et hardskills), avec un accompagnement personnalisé et 5 jours de formation en moyenne par an, pour affûter vos compétences et vous certifier 
- Le sujet de la parentalité compte aussi beaucoup à nos yeux. C'est pourquoi nous avons mis à disposition des places en crèche, ainsi que d'une permanence parentalité pour les parents et futurs parents 
- Last but not least, nous sommes également signataires de la Charte de l'Autre Cercle concernant l'inclusion des personnes LGBTQIA+ en entreprise, depuis juin 2022.�","
CDI

Contrat travail
",00H/semaine,unspecified,unspecified,Unspecified,5 An(s),CDI,False
3221377,https://candidat.pole-emploi.fr/offres/recherche/detail/3221377,2025-10-05,Offre d'emploi Data Scientist/IA (H/F) - 69 - Lyon - 3221377 | France Travail,69 - Lyon,"Le poste

Mission :

En tant que Data Scientist (H/F), vous serez en charge des missions suivantes :","
CDI

Contrat travail
",00H/semaine,unspecified,unspecified,Unspecified,Débutant accepté,CDI,True
3212712,https://candidat.pole-emploi.fr/offres/recherche/detail/3212712,2025-10-05,Offre d'emploi Data Scientist senior F/H (H/F) - 75 - Paris - 3212712 | France Travail,75 - Paris,"Rejoignez la BRED Banque Populaire  : une banque coopérative conquérante, humaine et engagée En tant que banque de proximité engagée sur ses territoires, nous soutenons activement le développement de nos territoires en Île-de-France, en Normandie et Outre-Mer avec un réseau de 411 implantations en France et à l'international, à travers nos filiales en Asie du Sud-Est, dans le Pacifique Sud, en Afrique et en Suisse.Nos activités et nos expertises nous permettent d'accompagner durablement nos clients  : banque de détail, banque de grandes entreprises et institutionnels, banque de gestion privée, banques à l'international, salle des marchés, société de gestion d'actifs, compagnie d'assurances, banque de financement du négoce international.Conquérante, humaine et engagée, nos valeurs incarnent notre ambition de relever chaque jour de nouveaux défis et d'agir de manière responsable et durable afin d'accompagner nos 1,6 million de clients, 200 000 sociétaires ainsi que l'ensemble de nos collaborateurs.Nous appartenons au Groupe BPCE - 2ème Groupe bancaire français.Et Vous, si vous rejoigniez la BRED Banque Populaire ?Forte de ses  collaborateurs, dont 40 % sont basés en Outre-Mer et à l'international, la BRED Banque populaire vous propose un cadre professionnel épanouissant et des perspectives de carrière diversifiées, à l'échelle internationale.Que vous soyez expert ou manager, vous intégrez une banque à taille humaine qui encourage la responsabilisation et la prise d'initiative et qui accorde une place importante au développement et à l'accompagnement de ses collaborateurs.Poste et missions Rattaché(e) à la Direction de la Distribution et de la Connaissance Client, vous intégrerez l'équipe Data Science et Etudes.Cette équipe se compose de 4 collaborateurs travaillant en transverse sur l'ensemble des problématiques de modélisations et études des différentes directions.Votre expertise vous permet de travailler sur les différents domaines de la data science :  Scorings marketing, scorings d'octroi de crédit et de risque, apprentissage supervisé et non supervisé, segmentations, NLP..Vous êtes à l'aise avec les chiffres, la dataviz (Power-BI, Dash ou autres), et vous savez faire parler les données grâce à des analyses et études diverses afin d'appréhender les comportements Clients. Vos missions principales : Contribuer à maintenir et faire évoluer les modèles de prédiction existants et à venir (scores marketing, risque, octroi de crédit, fraude,.) Réaliser une veille, un état de l'art, sur les problématiques abordées en particulier sur l'IA  Trouver toutes les solutions adéquates pour faire « parler intelligemment les données»: études et analyses, tableaux de bords de suivi des performances des scores Implémenter et déployer les solutions validées en collaboration avec la DSI Travailler en étroite collaboration avec l'équipe DataScience et les parties prenantes des différentes équipes métiers et la DSI.Utiliser les techniques de machine learning et de l'analyse avancée pour améliorer l'expérience client, aider les conseillers et la banque à mieux connaitre les clients, prédire des outputs et contribuer à la création de valeur Promouvoir et présenter les travaux menés en interne au sein de la BRED Poste basé à Joinville le Pont (RER A).Profil et compétences requises Vous êtes la candidate ou le candidat idéal(e) si  : Titulaire d'un Bac +5 en école d'ingénieur, master Data Science, master Big Data ou cursus similaire.Vous avez au moins 5 années d'expérience dans un poste similaire en banque dans le cadre de modélisations plus spécifiquement risque et octroi de crédit.Vous avez une bonne connaissance et des compétences avérées dans la gestion de projets datascience (techniques de Machine Learning, algorithmie et modèles prédictifs) Familier(e) avec la gestion de bases de données, vous maîtrisez parfaitement les techniques de requêtage (SQL), l'analyse statistique des données et le langage de programmation Python.Une connaissance des plateformes Dataiku et de Power-BI serait un plus.Vous êtes organisé(e), fiable, dynamique et vous respectez les délais.Votre aisance relationnelle vous permet de travailler en transverse, sans difficulté.Informations complémentaires Nous rejoindre ?C'est bénéficier des avantages liés à notre politique RH  : Un suivi de carrière personnalisé en lien avec votre manager et votre Responsable RH Un dispositif de formations innovant  : Ecole du Management BRED en partenariat avec HEC, des parcours individualisés ainsi que des applications d'autoformation.Un package social attractif : Accord d'Intéressement / Participation attractif, basé sur la volonté de partage des résultats avec nos salariés Accord télétravail, 1 à 2 jours par semaine Accord sur la Qualité de Vie et des Conditions de Travail Autres avantages  : Congés, RTT, Compte Epargne Temps, PEE/PER","
CDI

Contrat travail
",00H/semaine,unspecified,unspecified,Unspecified,Débutant accepté,CDI,True
3263370,https://candidat.pole-emploi.fr/offres/recherche/detail/3263370,2025-10-03,Offre d'emploi Chef de Projets Data Science H/F - 33 - Pessac - 3263370 | France Travail,33 - Pessac,"POSTE : Chef de Projets Data Science H/F
DESCRIPTION : VOTRE MISSION
Au sein du LyRE, Centre de recherche et d'innovation de SUEZ, sous la responsabilité du responsable du Pôle ""Data"":
- Piloter et Réaliser des recherches/études appliquées en data science (preprocessing de données, modélisation statistique, machine learning et deep learning, data visualisation, big data, etc.) en lien avec l'écosystème innovant des territoires:formations d'excellence (université et grandes écoles), entreprise ou start-up dans le monde du numérique, de la data science et de l'intelligence artificielle. Les missions porteront sur le développement ou co-développement de nouveaux algorithmes avec l'appui du métier (opérateur SUEZ).
- Participer et Contribuer au développement de l'activité Recherche et Innovation (R&I) en France et à l'international sur les 2 activités Eau et Déchet en lien direct avec les besoins des territoires répondant à des enjeux stratégiques comme la transformation digitale, les solutions de demain ou encore la performance et l'efficacité et couvrant des thématiques diverses telles que la maintenance prédictive, gestion patrimoniale des infrastructures, la performance réseau, l'analyse des consommations d'eau ou encore la collecte des déchets.
- Contribuer au design et développement de solutions numériquespour répondre aux besoins d'expérimentation de nouveaux services digitaux. Un support au déploiement de ces applications et à leur maintenance pourra également être demandé et sera opéré avec l'appui et en coordination avec la Direction des Systèmes d'Information.
- Accompagner l'industrialisation des solutions développées dans le cadre des activités R&I du LyRE en lien étroit avec l'écosystème digitale de SUEZ, Direction des Systèmes d'Information, Unité de Différenciation en charge de l'édition et commercialisation des solutions digitales, BU Tech.
- Contribuer à la réalisation de missions d'assistance technique en réponse aux besoins des Business Unit ou en support technique dans le cadre de réponse à Appel d'Offre.
- Participer à la capitalisation de l'expérience de SUEZ dans le domaine de la data science et à la professionnalisation de ces métiers en rejoignant la Communauté Data science de SUEZ.
- Valoriser l'expertise de SUEZ en participant à des colloques métier et/ou scientifique.
VOTRE PROFIL
- Diplômé(e) en statistique, mathématiques appliquées, informatique, intelligence artificielle (docteur ou niveau ingénieur minimum (type ENSAE, ENSAI, EPSI, INSA, INGESUP, Master en Intelligence Artificielle, Informatique) avec une expérience professionnelle significative (> 5 ans) dans le domaine.
- Vous possédez une forte sensibilité aux métiers de l'environnement et disposez idéalement de connaissances des problématiques métier dans les domaines de l'eau et de l'assainissement et des déchets.
- Expertise en algorithmie, ingénierie des données et intelligence artificielle nécessaires.
- Compétences dans la programmation web et le web design appréciées.
- Maitrise des technologies et langages: Python, PHP, HTML, CSS, JavaScript,MySQL, MongoDB, GitHub
Qualités professionnelles :
- Sens du travail en équipe et en interdisciplinarité
- Ouverture d'esprit, esprit d'innovation et de créativité
- Excellente maîtrise du français, orale et écrite
Suez préserve l'équilibre entre vie professionnelle et privée, ce poste est ouvert au télétravail.
PROFIL :","
CDI

Contrat travail
",00H/semaine,unspecified,unspecified,Suez,Expérience exigée,CDI,False
3261105,https://candidat.pole-emploi.fr/offres/recherche/detail/3261105,2025-10-03,Offre d'emploi Responsable Data & Reporting Marketing H/F - 93 - Saint-Denis - 3261105 | France Travail,93 - Saint-Denis,"POSTE : Responsable Data & Reporting Marketing H/F
DESCRIPTION : Dans le cadre du renforcement de nos équipes Marketing, nous recrutons un(e) Responsable Data et Reporting.
Résumé de la Description de poste
Rattaché(e) à la direction commerciale/marketing, vous êtes garant(e) de la fiabilité, de la structuration et de la valorisation des données clients et machines. Vous contribuez à la prise de décision stratégique par la production de reportings et d'analyses métiers pour l'ensemble des parties prenantes internes.
Description de poste
Données & Reporting
- Produire des reportings fiables destinés aux services marketing, commercial, finance, etc.
- Analyser les besoins de suivi (objectifs, couverture commerciale) et les intégrer dans les outils métiers.
- Réaliser des extractions et veiller à la qualité des données machines et clients.
- Piloter la mise à jour des challenges commerciaux (classements, résultats).
- Définir les modalités de diffusion des indicateurs (contenus, fréquence, canaux).
Coordination & projets
- Être un interlocuteur clé auprès des équipes internes sur les projets nécessitant des données (parcs machines, couverture, clients).
- Travailler en transversalité avec les équipes commerciales, marketing, finance, RH, etc.
- Collaborer avec les constructeurs (ex. Caterpillar) pour garantir l'alignement des données.
Management d'équipe
- Veiller au bon dimensionnement des ressources (recrutement, moyens, etc.).
- Encadrer et accompagner l'équipe dans son intégration et sa montée en compétences.
- Piloter la gestion RH de proximité : planning, absences, entretiens annuels, etc.
- Être garant(e) de l'application des procédures internes et des règles de conformité.
Votre profil
- Formation Bac +2/3 en gestion commerciale, data, ou équivalent.
- Expérience de 2 à 5 ans sur un poste similaire.
- Maîtrise des outils informatiques (Excel, CRM, systèmes de gestion de base de données).
- Excellente capacité d'analyse et de traitement de données.
- Anglais professionnel (niveau B1 minimum).
- Rigueur et sens de l'organisation.
- Capacité d'analyse et de synthèse.
- Excellent relationnel et esprit collaboratif.
- Adaptabilité dans un environnement transverse et évolutif.
Pourquoi nous rejoindre
- Un groupe international solide et en croissance.
- Une fonction stratégique en lien avec toutes les directions métiers.
- Des outils et projets data à forte valeur ajoutée.
- Des perspectives d'évolution concrètes.
- Une culture d'entreprise engagée, axée sur la performance durable.
PROFIL :","
CDI

Contrat travail
",00H/semaine,unspecified,unspecified,Bergerat monnoyeur,Expérience exigée,CDI,False
3209163,https://candidat.pole-emploi.fr/offres/recherche/detail/3209163,2025-10-03,Offre d'emploi Data Protection Officer (H/F) - 59 - Marcq-en-Barœul - 3209163 | France Travail,59 - Marcq-en-Barœul,"RESPONSABILITÉS : 

Dans le cadre du congés maternité de son DPO, le Groupe CGI Finance est à la recherche d'un DPO pour une période de Janvier à Septembre afin d'assurer la continuité de sa conformité au RGPD durant cette période.
Sous la direction hiérarchique du Secrétaire Générale du Groupe CGI Finance et assisté d'une collaboratrice, juriste spécialisé dans la protection des données à caractère personnel, le périmètre de la mission du DPO est le suivant :
  1.   Veille juridique
 2.   Traitement des exercices de droits 
3.   Violations de données à caractère personnel
4.   Suivre les projets, nouveaux ou en cours, comportant des traitements de données à caractère personnel
 -    Appliquer les exigences légales du RGPD et notamment les principes de « privacy by design » et de « privacy by default »
-    Identifier les traitements nécessitant un PIA et les rédiger
-    Veiller à la mise en place de mesures techniques et organisationnelles de sécurité
-    Identifier les sous-traitances et les transferts internationaux de données
-    Participer à la mise en place des contrats de sous-traitance et des garanties adéquates en cas de transferts internationaux de données
-    Participer à la rédaction des mentions d'information des personnes concernées
-    Mettre en œuvre les procédures de gestion et de suivi des projets de traitements du Groupe CGI Finance (questionnaires RGPD, outils PIA, ...)

PROFIL RECHERCHÉ : 

Profil confirmé 3 ans d'expérience a minima en protection des données en tant que Délégué à la Protection des Données ou consultant en protection des données.
Compétences attendues :
·       Gestion de projets transverses
·       Appétence pour les sujets relatifs à la protection des données (IA, Big Data,...)
·       Connaissance de la législation relative à la protection des données (RGPD, Loi Informatique et Libertés, IA Act,...)
·       Autonomie
·       Qualités rédactionnelles et relationnelles
·       L'anglais est un plus","
CDD - 9 Mois

Contrat travail
","35H/semaine
Travail en journée",unspecified,unspecified,Cgi finance,Débutant accepté,CDD - 9 Mois,True
3256573,https://candidat.pole-emploi.fr/offres/recherche/detail/3256573,2025-10-03,Offre d'emploi Expert IA H/F - France - 3256573 | France Travail,France,"POSTE : Expert IA H/F
DESCRIPTION : Vous avez une solide expérience dans l'intelligence artificielle et souhaitez relever de nouveaux défis technologiques ? Avec plus de 7 ans d'expérience, vous êtes à l'aise dans un rôle à la fois technique et fonctionnel, où votre expertise en Azure, API, IoT et Azure AI Foundry vous permet de transformer les besoins métiers en solutions concrètes et performantes. En tant qu'Expert.e IA technico-fonctionnel, vous participerez à la conception d'un catalogue interactif innovant, au coeur de notre stratégie digitale, et vous serez un véritable moteur d'innovation et de valeur ajoutée pour nos projets.
Missions:
- Concevoir et structurer un catalogue interactif intégrant les différentes solutions d'intelligence artificielle, en veillant à sa clarté, sa facilité d'utilisation et son évolutivité.
- Analyser les besoins métiers et les traduire en spécifications fonctionnelles afin de proposer des solutions IA adaptées et créatrices de valeur.
- Jouer un rôle de relais entre les équipes techniques et les parties prenantes métiers, garantissant une compréhension mutuelle et une mise en oeuvre efficace des cas d'usage.
- Définir, organiser et maintenir les référentiels de données, modèles et algorithmes intégrés au catalogue pour assurer cohérence et traçabilité.
- Superviser la qualité et la performance des solutions proposées, en s'assurant de leur fiabilité, de leur pertinence et de leur alignement avec les standards de l'entreprise.
- Accompagner et former les utilisateurs dans l'adoption du catalogue interactif, en facilitant la montée en compétences et l'optimisation de son utilisation au quotidien.
Nos avantages :
- Mutuelle prise en charge à 60% (gratuite pour vos enfants).
- Transports pris en charge à 50%.
- Possibilité de télétravail avec une rétribution de 2,70 € par jour.
- Carte restaurant d'une valeur de 10 € par jour, utilisable jusqu'à 25 €, pris en charge à 60%.
- Accès à HelloCSE avec de nombreuses offres et réductions chez Ikea, Pathé, Fnac, Cdiscount, et bien d'autres.
- Possibilité de bénéficier d'un bonus de cooptation de 2 000 € !
- De nombreuses formations gratuites, incluant des certifications Microsoft.
- Compte épargne temps jusqu'à 90 jours.
- Participation et intéressement.
- Jours de congé supplémentaires pour valoriser votre ancienneté.
- 3 jours d'absences rémunérées par an pour le parent d'un enfant malade
- 4 absences autorisés rémunérées pour les conjoint.e.s d'une personne enceinte pour assister aux examens obligatoires prénataux.
- Journée de solidarité chômée et payée
Pourquoi nous choisir ?
Une communauté internationale regroupant plus de 110 nationalités.  
 Un environnement où la confiance est clé : 70 % de nos leaders ont commencé leur carrière au premier niveau de responsabilités.  
 Un système de formation solide avec notre Académie interne et plus de 250 modules disponibles.  
 Un cadre de travail stimulant, favorisant les rencontres et les échanges (afterworks, team buildings).  
 Un engagement fort en matière de RSE, notamment avec notre programme WeCare Together.
Inclusion et diversité
Amaris Consulting promeut l'égalité des chances. Nous nous engageons à rassembler des talents d'horizons différents et à créer un environnement de travail inclusif. Dans cette optique, nous recueillons les candidatures de toutes les personnes qualifiées, quel que soit leur sexe, orientation sexuelle, race, origine ethnique, croyances, âge, état civil, handicap ou autres caractéristiques.
PROFIL : - Expérience confirmée (7 ans minimum) dans des environnements technico-fonctionnels, avec une expertise avérée en conception et intégration de solutions IA.
- Maîtrise de Microsoft Azure et de ses services cloud, incluant le déploiement, la gestion et la sécurisation des solutions IA.
- Connaissance approfondie des protocoles IoT, avec une capacité à concevoir et intégrer des solutions connectées au sein d'architectures complexes.
- Expérience solide dans la conception et l'utilisation d'API, garantissant l'interopérabilité et la scalabilité des solutions déployées.
- Pratique avancée d'Azure AI Foundry, incluant le développement, la personnalisation et l'industrialisation de modèles IA.
- Forte capacité à accompagner les métiers dans la définition et l'optimisation de leurs besoins, tout en assurant un haut niveau de communication avec les équipes techniques.","
CDI

Contrat travail
",00H/semaine,unspecified,unspecified,Amaris consulting,Expérience exigée,CDI,False
3239232,https://candidat.pole-emploi.fr/offres/recherche/detail/3239232,2025-10-03,"Offre d'emploi Ingénieur de Données en Instrumentation Scientifique F/H - Test, essai, validation, expertise (H/F) - 13 - Marseille 1er Arrondissement - 3239232 | France Travail",13 - Marseille 1er Arrondissement,"Descriptif du poste:
Le projet CISAM+ (France 2030) amplifie la stratégie d'innovation de l'Établissement face aux défis sociaux, environnementaux et sanitaires. Il vise à construire un écosystème intégré renforçant l'impact de la recherche et facilitant le passage de ""l'invention"" à ""l'innovation"", ciblant prioritairement 3 thématiques : Technologies pour la Santé, Industries Culturelles et Créatives, et Responsabilité Sociétale/Développement durable.

Le Centre de formation et de soutien aux Données de la REcherche (CEDRE) est une structure transverse d'Aix-Marseille Université, dédiée à l'accompagnement des chercheurs et des personnels dans la gestion et la valorisation des données de recherche.

La personne recrutée au pour missions principales :

 - Concevoir, entraîner et valider des modèles d'IA (deep learning, modèles hybrides) pour classifier, prédire et identifier des motifs inédits dans des données scientifiques complexes.

 - Développer des pipelines de prétraitement robustes et reproductibles pour nettoyer, formater et structurer de grands volumes de données issues de l'imagerie et du séquençage.

 - Rendre les modèles interprétables (XAI) et croiser les résultats prédictifs avec les connaissances du domaine pour guider la recherche expérimentale.

 - Documenter rigoureusement les méthodes, les données et les codes pour assurer la reproductibilité des analyses et faciliter leur transfert aux équipes de recherche.

Activités principales :

Prétraitement et structuration des données :

 - Nettoyer, formater et structurer les données issues de séquençage et d'imagerie électronique.

 - Développer des pipelines adaptés aux grands volumes de données biologiques et d'imagerie.

Modélisation et apprentissage automatique :

 - Concevoir et entraîner des modèles hybrides (deep learning + règles bioinformatiques ou physiques).

 - Appliquer des algorithmes de classification, détection d'anomalies et de clustering.

Analyse et Découverte :

 - Identifier des modifications inédites dans les ADN/ARN viraux et prédire de nouvelles protéines.

 - Développer des outils d'analyse automatique de clichés de microscopie électronique à balayage (MEB).

Exploration et interprétation des résultats :

 - Visualiser et expliquer les sorties des modèles (XAI, SHAP, etc.).

 - Croiser les résultats biologiques

Profil recherché:

Vous êtes titulaire d'un diplôme en informatique, mathématiques ou IA , avec minimum 1 an d'expérience. Vous maîtrisez l'anglais (B2), vous disposez de solides compétences en rédaction (français/anglais), gestion de projet et démarche qualité. 
Votre sens du dialogue avec des interlocuteurs variés (chercheurs, ingénieurs...), votre esprit d'équipe, ainsi que votre dynamisme sont reconnus. Une appétence pour le développement durable sera un atout.
Compétences métiers :
* 
Programmation : Python avancé exigé pour le traitement de données et l'automatisation de tâches. La programmation objet est requise pour créer des outils robustes.
* 
Compétences solides en conception et optimisation de pipelines de traitement de données volumineuses (ETL). Maîtrise d'un gestionnaire de workflows (Snakemake, Nextflow) indispensable.
* 
Connaissance approfondie des bonnes pratiques de développement, incluant le versioning (Git), les tests et l'intégration continue.
* 
Des compétences en déploiement sur serveur ou cloud et en conteneurisation (Docker) seraient un atout majeur.
* 
Une première expérience avec des données scientifiques (spectrométrie de masse, chromatographie) et des outils spécialisés du domaine.
Un processus de recrutement fluide et transparent :
À réception de votre candidature, deux étapes : un échange téléphonique personnalisé avec les candidats sélectionnés (avec soin par un humain, et non par une IA), et un entretien avec les responsables de notre structure. 
En cas de réussite, nous mettrons tout en oeuvre pour confirmer votre recrutement rapidement. À votre arrivée, vous bénéficiez d'un parcours d'accueil et d'intégration, ainsi que de formations adaptées à vos besoins pour favoriser votre développement professionnel.

Rejoindre AMU, c'est bénéficier d'un environnement de travail socialement engagé :
- Selon le cadre de la structure, une flexibilité dans l'organisation de la semaine de travail est possible : deux dispositifs ouverts dès 2 mois d'ancienneté en accord avec le manager : Le télétravail et la semaine en 4j ou 4,5j
- Un équilibre des temps de vie : bénéficiez jusqu'à 50 jours de congés dès la première année, puis 58 jours après un an (varie selon l'organisation choisie et le temps de travail)
- Une prime mensuelle et annuelle dès 12 mois d'ancienneté pour les agents non titulaires et application du RIFSEEP pour les titulaires
- Un accompagnement personnalisé pour les","
CDD - 36 Mois

Contrat travail
",00H/semaine,unspecified,unspecified,Université aix-marseille,Débutant accepté,CDD - 36 Mois,True
198PJYD,https://candidat.pole-emploi.fr/offres/recherche/detail/198PJYD,2025-10-03,Offre d'emploi Data scientist (H/F) - 69 - VILLEURBANNE - 198PJYD | France Travail,69 - VILLEURBANNE,"À propos
Qui sommes-nous ?

Nous sommes passionnés par les nouvelles technologies, et vous ? 

Rejoindre Amiltone, c'est intégrer des équipes dynamiques et soudées dans le cadre de projets novateurs et ambitieux. Nous relevons les challenges techniques de nos clients et les accompagnons dans leur transformation digitale.

Pourquoi choisir Amiltone ? 

 Amiltone, plus qu'une entreprise, un état d'esprit !

Notre objectif ? Votre épanouissement professionnel !

Nous avons à cœur de :

Vous accompagner au mieux au travers d'un suivi personnalisé
Vous faire monter en compétences en vous proposant des formations tout au long de votre carrière
Comprendre vos besoins et respecter nos engagements
Vous proposer des missions de qualité avec des technologies innovantes
Cultiver votre potentiel grâce à notre programme de développement personnel Addvise


Votre bien-être passe aussi par des activités extraprofessionnelles, c'est pourquoi nous vous proposons des séances sportives animées par nos coachs, soirées pour se retrouver et animations (à l'agence ou en visio), Gaming nights...

Le poste

Mission :

En tant que Data Scientist (H/F), vous serez en charge des missions suivantes :

- Collecter et préparer des données
- Nettoyer, transformer et structurer les données pour les rendre exploitables
- Gérer la qualité des données
- Construire des modèles prédictifs et des algorythmes de machine learning
- Veiller à l'amélioration continue des performances des modèles
- Suivre les avancées en data science, machine learning et intelligence artificielle


Stack technique:
-Machine Learning
-Python
-SQL
-Pandas / Numpy
-Flask
-Transformers
- Anglais courant obligatoire

Profil recherché
Alors ? Prêt à devenir Amiltonien ?

N'hésitez pas à postuler si vous vous reconnaissez :

- Diplômé d'un bac+5/ bac+8 (Master ou Doctorat), vous avez 4 ans d'expérience en tant que Data scienctist.

- Vous aimez découvrir de nouveaux contextes fonctionnels et comprendre les objectifs des applications que vous développez.

- A l'aise dans une organisation agile, vous faites preuve de rigueur et appliquez les standards de qualité Amiltone durant toute la durée des développements.


Outre vos compétences techniques, nous nous intéressons également à votre potentiel et votre motivation.

Nos postes sont ouverts aux personnes en situation de handicap.","
CDI

Contrat travail
","35H/semaine
Travail en journée",28000.0,45000.0,Amiltone,4 An(s),CDI,False
3205237,https://candidat.pole-emploi.fr/offres/recherche/detail/3205237,2025-10-05,Offre d'emploi Data Scientist Senior Expert - H/F - BPLS Corporate - 92 - Nanterre - 3205237 | France Travail,92 - Nanterre,"Concrètement votre quotidien ?BNP Paribas Leasing Solutions BPLS est le métier spécialisé dans les solutions de crédit-bail et les solutions locatives pour équipements professionnels et immobiliers. Dans une stratégie d'accélération de la transformation digitale et data de BPLS, le département Data Office a été créé en Juillet  afin de répondre au besoin de maîtrise de la donnée et de la transformer en valeur ajoutée pour l'ensemble des Business et Fonctions de BNPP Leasing Solutions.Pour accompagner les métiers dans la création de valeur autour de leurs données, l'équipe Data Office intervient sur l'ensemble du cycle de vie de la donnée : collecte, structuration, analyse, modélisation et utilisation dans le respect des attendus en termes de Data Privacy & Data Protection.Le Data Scientist Senior va intégrer l'équipe du Data Office pour analyser les besoins métiers et trouver l'approche de Data Science adaptée pour proposer une solution appropriée. Vous aurez pour mission de contribuer à la mise en oeuvre et au pilotage de la stratégie IA de BNPP LS, en agissant comme point de contact principal pour les questions liées à l'IA.Vous serez impliqué(e) dans des projets passionnants, où vos compétences en analyse de données et en modélisation prédictive contribueront à transformer les données brutes en insights exploitables pour diverses équipes. Rattaché au Chief Data Officer de BNPP LS, vos principales missions et activités seront les suivantes :Participer avec l'Analytics Manager à des ateliers de cadrage des besoins et être pro- actif dans la proposition d'analyses, construction de modèles pouvant répondre à des besoins fonctionnels.Être en mesure de comprendre les besoins des métiers et de trouver l'approche adaptée de data science pour proposer une solution appropriée.Comprendre les sources de données, analyser, nettoyer et organiser les datasets pour les rendre exploitables. Cela inclura les interactions avec les responsables métiers pour clarifier leurs besoins.Elaborer et entrainer des modèles (machine/deep learning) sur-mesure pour répondre aux besoins métier, optimiser leurs performances dans le temps (backtest) et contribuer à leur application opérationnelle ainsi qu'à leur industrialisation avec Dataiku.S'assurer que le code de ses modèles est bien documenté, prêt à la mise en production et peut facilement être maintenu.Participer à la création et à la maintenance des pipelines des modèles d'IA pour assurer une livraison continue et fiable des modèles en production.Assurer également l'interprétation des modèles et élaborer, identifier les biais potentiels et analyser la performance des modèles en fonction des besoins des métiers.Créer des visualisations/web app claires et partager les insights avec les différents métiers et avec le management.Devenir Expert sur les données et analyses réalisées par l'équipe et accompagner les autres membres de l'équipe data sur les sujets complexes.Identifier et développer des cas d'usage d'IA Generative.De façon transverse :Proposer, animer la communauté Data Analytics au sein de BNPPLS y compris le partage d'expertise, bonnes pratiquesContribuer aux programmes d'acculturation pour tenir les équipes informées des avancées et mettre en uvre des stratégies d'accompagnement du changement pour soutenir l'adaptation culturelle aux sujets IA.Veiller à s'aligner aux priorités de la stratégie IA du Groupe et accompagner le CDO dans le déploiement des frameworks d'IA, couvrant l'ensemble du cycle de vie de la data science y compris les bonnes pratiques.Contribuer à la diffusion de la gouvernance liée aux modèles d'IA et à la data science.Superviser et valider les standards de qualité des modèles et services développés et mis en uvre par l'IA pour l'ensemble de LS en collaborant avec le Data Engineer et MLOpsRester informé des dernières tendances et des avancées technologiques de l'IA dans le secteur bancaire.Et après ? De par votre fonction, vous devrez travailler avec de nombreux interlocuteurs qui vous permettront de développer votre réseau au sein du Groupe. En fonction de votre projet et de vos appétits, les changements envisagés sont multiples : c'est à vous de tracer votre cap !Les avantages à nous rejoindre ?Un package rémunération et des avantages :- Un fixe annuel brut et un variable individuel et collectif (défini en fonction de votre performance et de celle de votre équipe).- Un plan épargne entreprise/retraite, intéressement et participation, couverture santé et prévoyance, activités sociales et culturelles via le comité d'entreprisep>Rejoignez un Groupe engagé et prenez part à notre grand projet de transformation vers la construction d'un monde plus durable. Découvrez nos engagements pour notre clientèle et la sociétp>Engagez-vous à nos côtés sur votre temps professionnel, à travers notre programme OneMillionHoursToHelp","
CDI

Contrat travail
",00H/semaine,unspecified,unspecified,Unspecified,Débutant accepté,CDI,True
3192889,https://candidat.pole-emploi.fr/offres/recherche/detail/3192889,2025-10-02,Offre d'emploi Data Scientist (H/F) - 59 - Villeneuve-d'Ascq - 3192889 | France Travail,59 - Villeneuve-d'Ascq,"Cofidis Group crée, vend et gère une large gamme de services financiers pour les particuliers et les commerçants partenaires. Implanté dans 9 pays, pionnier du crédit à distance, Cofidis Group est depuis 40 ans l'un des principaux acteurs du crédit à la consommation en Europe (prêts personnels et crédits à la consommation, solutions de paiement, services bancaires, assurance, rachat de créances et partenariats). En France, Cofidis Group regroupe 3 enseignes commerciales, spécialistes dans la vente de produits et services financiers, et son GEIE Synergie :
- Cofidis, spécialiste européen du crédit en ligne
- Monabanq, la banque en ligne nouvelle génération
- Creatis, spécialiste du regroupement de crédits à la consommation
- le GEIE Synergie qui apporte aux enseignes son expertise dans les domaines de la gestion du risque, du recouvrement /contentieux, des ressources humaines et de la communication, du juridique, du risk management, des fonctions financières/ comptables et organisationnelles.
 

        Rattaché(e) au domaine Data Science de la Direction de la Donnée de Synergie, vous contribuez à une exploitation innovante et responsable de la Data Science, de l'IA et de l'IA générative en lien avec les métiers et experts du groupe. Vous jouez un rôle clé dans le développement de solutions utiles et explicables et éthiques, alignées avec les ambitions de valeurs du groupe.
Vous avez envie de rejoindre une équipe tournée vers l'innovation, le partage et le développement des compétences, n'attendez pas pour saisir l'opportunité !
Vos missions :
   - Traduire un besoin métier en problématique data exploitable et proposer des leviers d'optimisation ou d'innovation. Sensibiliser les métiers pour faire émerger des cas d'usage à forte valeur.
   - Concevoir, développer et industrialiser des modèles prédictifs (algorithmes, machine learning, forecasting, etc.) qui répondent de manière efficace et opérationnelle à la problématique métier : de la préparation des données au déploiement (documentation, intégration, automatisation, suivi, retraining). J'adopte une méthodologie itérative et de planification de projet
   - Participer aux projets d'exploration et de déploiement de la cellule IA tout en veillant au respect de la gouvernance IA du Groupe
   - En qualité de référent d'une entité, délivrer des conseils, des partages de travaux du Groupe, et remonter les besoins de l'entité.
   - Partager son expertise avec les ingénieurs statistiques du Groupe et du Crédit Mutuel Alliance Fédérale / Animer la communauté
- Assurer une veille active sur l'IA


		
	·        Diplômé(e) Bac+5 en Informatique, Statistiques vous disposez d'une expérience significative d'à minima 3 ans en modélisation statistique et pilotage de projets data innovants.
·        Maitrise du machine learning / deep learning et au traitement du langage naturel dans un environnement professionnel (Git)
·        Vous maîtrisez le langage Python pour la data science et SQL.
·        Bonnes connaissances des LLM, prompt engineering, RAG et fort intérêt pour les technologies émergentes.
·        Ce qui peut constituer un plus : SAS, enjeux éthiques/frugaux, outils de dataviz (BI ou dash), création d'API Python, automatisation avec Airflow et des compétences en webscraping.
·        Anglais compréhension écrite et orale niveau B2 minimum.
·        Analytique et rigoureux, vous êtes orienté(e) résultats.
·        En bon(ne) communicant(e), vous collaborez activement avec les autres membres du service et vos clients internes, en favorisant l'esprit d'équipe et le partage. Vous faîtes preuve de capacité de vulgarisation et vous consacrez du temps à la mise en valeur de ce que vous apportez aux entités.
·        Enfin, vous êtes curieux(se) pour vous former continuellement, suivre les nouvelles tendances et vous êtes force de proposition.
","
CDI

Contrat travail
","00H/semaine
Travail en journée",40000.0,50000.0,Synergie,2 An(s),CDI,False
3179497,https://candidat.pole-emploi.fr/offres/recherche/detail/3179497,2025-10-02,Offre d'emploi Data scientist (H/F) - 69 - Lyon 1er Arrondissement - 3179497 | France Travail,69 - Lyon 1er Arrondissement,"Nous recherchons un.e Data Scientist Sénior afin de contribuer à l?exploitation et à la valorisation des données stratégiques. Le rôle implique la mise en production de solutions data, l?industrialisation de traitements et le développement de modèles avancés pour répondre aux enjeux métiers.
Vos futures responsabilités : Concevoir, développer et mettre en production des modèles de Machine Learning et d?analytique avancée
Contribuer à l?industrialisation et à l?automatisation des traitements data à grande échelle
Travailler sur des problématiques liées au domaine de l?énergie et de l?électricité
Collaborer avec les équipes métiers et techniques pour transformer les données en leviers d?optimisation
Garantir la qualité, la fiabilité et la performance des modèles déployés","
CDI

Contrat travail
",00H/semaine,52000.0,62000.0,Msi experts,2 An(s),CDI,False
3177220,https://candidat.pole-emploi.fr/offres/recherche/detail/3177220,2025-10-02,Offre d'emploi Data scientist (H/F) - France - 3177220 | France Travail,France,"Métier : Data Management, Data Scientist
Spécialités technologiques : Machine learning, IA générative, NLP
Type de facturation : Assistance Technique (facturation au taux journalier)
Technologies et outils : Python
Soft skills : Autonomie
Secteur d'activité : Administration Publique
Description de la prestation :
Objectifs et Enjeux :
Renforcer le département autour de l'acquisition et la gestion des données de profils candidats et leur rapprochement avec les offres, avec un profil d'ingénieur IA.
Intervenir sur des données stratégiques (fiches de compétences, rapprochement candidats/offres).
Collaborer avec l'architecte, les experts data, les métiers de l'emploi et du recrutement, ainsi qu'avec les équipes techniques.
Rôle et missions :
Concevoir, expérimenter et intégrer des solutions d'IA et d'IA génératives pour exploiter les données métiers et améliorer le matching.
Structurer les flux de données et optimiser les performances, en alliant expertise technique et compréhension métier.
Travailler en autonomie, dans une dynamique de transformation stratégique de la data.
Activités principales :
Développer des algorithmes NLP et machine learning pour analyser et rapprocher des objets métiers (ex. offres d'emploi, fiches de compétences).
Créer des pipelines pour extraire, préparer et vectoriser les données (intitulés, codes, compétences, savoir-faire, etc.).
Comparer différentes approches de similarité sémantique (embeddings, distances, modèles supervisés).
Mettre en place des algorithmes de classification pour générer des matrices d'affinités utiles pour les systèmes de recommandation (SDR).
Intégrer les briques IA/GenAI existantes (LLMs, bases vectorielles, frameworks IA).
Garantir la qualité, la traçabilité et la robustesse des développements (tests, documentation, reproductibilité).
Collaborer avec les équipes métiers pour définir les critères de succès et valider les résultats.
Présenter les résultats lors des phases de Proof of Concept (POC) et de déploiement.","
Profession libérale

Emploi non salarié
",unspecified,unspecified,unspecified,Codezys,5 An(s),Profession libérale,False
3177177,https://candidat.pole-emploi.fr/offres/recherche/detail/3177177,2025-10-02,Offre d'emploi Data scientist (H/F) - 75 - Paris 1er Arrondissement - 3177177 | France Travail,75 - Paris 1er Arrondissement,"Compétences clés : Dataiku ? Microsoft Power BI ? MySQL ? Talend
Dans le cadre de projets stratégiques de transformation et de modernisation du secteur public, nous recherchons un(e) Expert Data Scientist H/F freelance pour accompagner nos clients dans la valorisation et l?exploitation avancée de leurs données.
Vous interviendrez en tant qu?expert(e) sur des problématiques complexes, avec un rôle clé dans la définition et la mise en ?uvre de solutions data-driven à forte valeur ajoutée.
La maîtrise de Dataiku est indispensable.
Vos missions : Piloter le développement de modèles de data science complexes dans Dataiku : exploration, apprentissage automatique, analyses prédictives et prescriptives.
Définir les stratégies de collecte, d?intégration et d?exploitation de données hétérogènes en garantissant leur qualité et leur conformité réglementaire (RGPD, sécurité des données).
Concevoir et automatiser des pipelines de données robustes avec Dataiku et/ou Talend.
Construire et superviser la réalisation de tableaux de bord et visualisations avancées avec Tableau ou Power BI, en réponse à des enjeux métiers variés.
Jouer un rôle de référent(e) technique auprès des équipes internes et des interlocuteurs métiers, en les accompagnant dans la formalisation des besoins et la diffusion d?une culture data.
Contribuer activement aux choix d?architecture et à la mise en place des bonnes pratiques data science au sein des projets.","
Profession libérale

Emploi non salarié
",unspecified,unspecified,unspecified,Bek advisory,5 An(s),Profession libérale,False
3177140,https://candidat.pole-emploi.fr/offres/recherche/detail/3177140,2025-10-02,Offre d'emploi Data scientist (H/F) - 75 - Paris 1er Arrondissement - 3177140 | France Travail,75 - Paris 1er Arrondissement,"CONTEXTE :
Experience : 6 ans et plus
Métiers Fonctions : Data Management,Data Scientist
Spécialités technologiques : Machine learning, IA generative, NLP
Compétences
Technologies et Outils
Python
Soft skills
Autonomie
MISSIONS
Objectifs et Enjeux :
Le département de notre client est organisé autour de l'acquisition et de la gestion des données des profils des candidats et du rapprochement avec les offres et a besoin de se renforcer avec un profil d?ingénieur IA.
Au sein de l'équipe, vous interviendrez sur un domaine de données stratégiques (fiches de compétences et rapprochement candidats / offres).
Vous travaillerez en lien étroit avec l?architecte et les experts data, les métiers de l'emploi et du recrutement, ainsi qu'avec les équipes techniques gérant les systèmes existants
Votre rôle sera de concevoir, expérimenter et intégrer des solutions d'IA et d'IA génératives permettant de mieux exploiter les données métiers et d'améliorer les capacités de matching.
Vous jouerez un rôle clé dans cette dynamique, en prenant en charge la structuration des flux, l'optimisation des performances. Vous devrez allier expertise technique et compréhension des enjeux métiers pour garantir la qualité, la cohérence et la disponibilité des données.
Appuyé par les standards et les outils mis à disposition par les équipes data transverses, vous allez travailler en forte autonomie sur les projets qui vous seront confiés. Cette mission s'inscrit dans une ambition stratégique, au coeur de la transformation data de l'organisation.
Activités à réaliser :
- Concevoir et mettre en oeuvre des algorithmes de traitement du langage naturel (NLP) et de machine learning pour analyser et rapprocher des objets métiers (exemple : des offres d'emploi, des fiches de compétences).
- Développer des pipelines de données pour extraire, préparer et vectoriser les informations (intitulés, codes, compétences, savoir-faire, savoirs, savoir-être.).
- Expérimenter et comparer différentes approches de similarité sémantique (embeddings, distances, modèles supervisés).
- Mettre en place des algorithmes de classification d?objets métier tels que les fiches afin d?en décliner des matrices d?affinités utiles pour le SDR.
- Travailler en intégration avec les briques IA/GenAI déjà présentes en interne (LLMs, bases vectorielles, frameworks IA).
- Assurer la qualité, la traçabilité et la robustesse des développements IA (tests, documentation, reproductibilité).
- Collaborer avec les équipes métiers pour définir les critères de succès et valider la pertinence des résultats.
- Préparer et présenter les résultats des expérimentations lors des phases de POC et de déploiement.
Expertise souhaitée
A minima 6 ans dans des projets IA/NLP, idéalement dans un contexte de matching, recherche d?information, RH/emploi.
Compétences requises :
- Expertise en Algorithmique
- Expertise en Python
- Bonne maitrise des modèles d'IA Générative","
Profession libérale

Emploi non salarié
",unspecified,unspecified,unspecified,Keoni consulting,10 An(s),Profession libérale,False
3164342,https://candidat.pole-emploi.fr/offres/recherche/detail/3164342,2025-10-02,"Offre d'emploi Data Scientist / Ingénieur en IA F/H - Système, réseaux, données (H/F) - 75 - Paris 19e Arrondissement - 3164342 | France Travail",75 - Paris 19e Arrondissement,"Descriptif du poste:
Au sein de la Direction des systèmes d'information dans le cadre de la stratégie de transformation numérique , tu as pour mission de contribuer activement à l'optimisation, la sécurisation et l'industrialisation des modèles de données et d'apprentissage, dans un environnement où l'innovation et la performance technique sont au coeur des enjeux.


Participer à la collecte, la préparation et l'analyse de grands volumes de données issues de différentes sources (internes/externes).
Développer et mettre en oeuvre des modèles de Machine Learning et Deep Learning adaptés aux problématiques métiers de l'entreprise (classification, prédiction, clustering, NLP, etc.).
Mettre en place des techniques de Model Compression and Pruning (MCP) sur les modèles de données afin d'optimiser leur efficacité opérationnelle, réduire leur empreinte mémoire, accélérer leur temps d'inférence, tout en maintenant la qualité des résultats et la robustesse des modèles.
Raccorder les solutions d'Intelligence Artificielle aux modèles de données via le protocole MCP, afin d'assurer une intégration conforme aux standards d'interopérabilité, de sécurité et de performance attendus.
Industrialiser les modèles développés : intégration dans les systèmes d'information, automatisation des pipelines de déploiement, suivi et amélioration continue des performances en production.
Collaborer avec les équipes métiers et IT pour assurer la cohérence des solutions data avec les exigences opérationnelles et réglementaires, notamment en matière de sécurité, d'éthique et de conformité RGPD.
Réaliser une veille active sur les nouveaux algorithmes, les frameworks d'IA, les méthodologies de compression de modèles, et partager les bonnes pratiques au sein de l'équipe.
Documenter l'ensemble des travaux réalisés (modèles, expérimentations, benchmarks, choix techniques), produire des rapports de synthèse clairs à destination des parties prenantes (techniques et métiers).
Contribuer à l'amélioration continue des processus de gestion, de qualité et de sécurité des données.
Ces missions pourront se mettre en place progressivement et évoluer dans le temps.


Profil recherché:
Tu es inscrit.e en Master Intelligence Artificielle : Systèmes, Données (ou formation équivalente en informatique/data/IA) et recherche un contrat d'apprentissage pour la rentrée.
Tu maîtrises les fondamentaux de la programmation, notamment Python et SQL, et éventuellement Java ou C++.
Tu as une bonne connaissance des techniques d'apprentissage automatique et profond (ML/DL), ainsi que des outils associés comme TensorFlow, PyTorch, ou scikit-learn.
Tu es à l'aise avec les environnements Big Data, le traitement de flux de données, ainsi qu'avec les bases de données relationnelles et NoSQL.
Tu as des notions en ingénierie des systèmes et en sécurité des données.
Tu fais preuve d'analyse, de rigueur et as une bonne capacité à résoudre des problématiques complexes.
Tu es doté.e d'un bon esprit d'équipe tu aimes collaborer et partager tes avancées avec ton équipe.
Curieux(se), autonome et proactif(ve), tu es attiré.e par l'innovation technologique.
Tu as envie de découvrir l'univers de la formation professionnelle, d'avoir des missions qui ont du sens et de rejoindre une équipe dynamique et accueillante ? Envoie-nous vite ta candidature !
Chez AKTO, nous croyons en la force de la diversité et de l'égalité des chances. C'est pourquoi, nous nous engageons à étudier les candidatures en se fondant sur les compétences et le potentiel, et, à créer un environnement de travail où chacun a sa place.","
CDD - 12 Mois

Contrat apprentissage
",00H/semaine,unspecified,unspecified,Akto,Débutant accepté,CDD - 12 Mois,True
3163409,https://candidat.pole-emploi.fr/offres/recherche/detail/3163409,2025-10-02,"Offre d'emploi Data Scientist / Ingénieur IA F/H - Système, réseaux, données (H/F) - 93 - Saint-Denis - 3163409 | France Travail",93 - Saint-Denis,"Descriptif du poste:

Offre : Data Scientist / Ingénieur IA 
Durée : 3 mois renouvelable / Début : 13/10/2025
Secteur : Administration Publique / Localisation : Seine-Saint-Denis
Nous recherchons un Data Scientist / Ingénieur IA pour renforcer une équipe stratégique dédiée à l'exploitation des données de profils candidats et à leur rapprochement avec les offres d'emploi. La mission s'inscrit dans un projet de transformation data visant à améliorer les capacités de matching grâce à l'IA et à l'IA générative.
Missions principales :
* 
Concevoir et mettre en œuvre des algorithmes NLP et machine learning pour analyser et rapprocher des fiches de compétences et des offres.
* 
Développer des pipelines de données pour extraire, préparer et vectoriser les informations clés.
* 
Expérimenter différentes approches de similarité sémantique (embeddings, modèles supervisés, distances).
* 
Mettre en place des modèles de classification d'objets métiers pour générer des matrices d'affinités.
* 
Intégrer vos solutions avec les briques IA/GenAI existantes (LLMs, bases vectorielles, frameworks).
* 
Garantir la qualité, la traçabilité et la robustesse des développements IA (tests, documentation, reproductibilité).
* 
Collaborer avec les métiers pour définir les critères de succès et présenter les résultats lors des phases de POC et de déploiement.
Organisation : 3 jours sur site / 2 jours en télétravail

Profil recherché:

Profil recherché :
- Formation : Bac+5 minimum (Informatique, Mathématiques appliquées, Data Science ou équivalent).
- Expérience : Minimum 6 ans en projets IA/NLP, idéalement dans le domaine du matching, de la recherche d'information ou dans un contexte RH/emploi.
- Compétences techniques :
* 
Expertise en algorithmique et Python.
* 
Solide maîtrise des modèles d'IA générative et des approches NLP.
* 
Bonne connaissance des pipelines de données et des méthodes de similarité sémantique.
- Langues : Bonne communication écrite et orale en français (anglais apprécié).
- Soft skills :
* 
Autonomie et rigueur dans la conduite des projets.
* 
Esprit d'analyse et capacité à résoudre des problématiques complexes.
* 
Capacité à collaborer avec des équipes pluridisciplinaires et à vulgariser les résultats auprès des métiers.","
CDD - 3 Mois

Contrat travail
",00H/semaine,unspecified,unspecified,Rhselect,6 An(s),CDD - 3 Mois,False
3155600,https://candidat.pole-emploi.fr/offres/recherche/detail/3155600,2025-10-05,Offre d'emploi Data Scientist H/F - 92 - Levallois-Perret - 3155600 | France Travail,92 - Levallois-Perret,"RESPONSABILITÉS : 

Nous recherchons  un(e) Data Scientist capable de trouver des solutions innovantes et robustes à l'ensemble des problématiques Data.  Gourou de la donnée, vous vous amusez à faire parler les données et à les mettre au service des entreprises. Vous êtes donc à la croisée d'enjeux fonctionnels et stratégiques :
Vous aurez la charge de :
 • Étudier des données en possession de l'entreprise
 • Définir et récupérer des données pertinentes à extraire et à traiter en lien avec la production de l'entreprise, la vente ou encore liées aux données clients
 • Développer des algorithmes permettant d'améliorer les résultats de recherches et de ciblages
 • Élaborer des modèles prédictifs afin d'anticiper l'évolution des données et tendances relatives à l'activité de l'entreprise
 • Concevoir, entraîner et déployer des modèles d'IA générative (LLMs, modèles multimodaux) pour adresser de nouveaux cas d'usage métier
 • Expérimenter et développer des systèmes d'IA agentique, capables d'automatiser des tâches complexes et de collaborer avec les utilisateurs dans un environnement réel

PROFIL RECHERCHÉ : 

En tant que Data Scientist H/F vous maîtrisez :
 • L'architecture des bases de données décisionnelles (data warehouse)
 • Les mathématiques appliquées : construire des algorithmes pour améliorer les résultats de recherches et de ciblages
 • Les statistiques
 • Les concepts et outils liés à l'IA générative (LLMs, NLP avancé, diffusion models, etc.)
 • Les approches d'IA agentique et leur intégration dans des environnements applicatifs réels
Et vous disposez :
 • De solides compétences en programmation informatique (Python, Java...)
 • D'une expérience avec les frameworks IA modernes (PyTorch, TensorFlow, LangChain, Hugging Face, etc.)
 • D'une expertise en algorithmie et gestion des bases de données (NoSQL, Cassandra...)
 • De la connaissance des méthodologies agiles
Diplômé(e) d'une école d'ingénieur ou d'une université, vous justifiez d'au minimum 3 ans d'expérience professionnelle dans un contexte projet Data. Rigoureux(se), proactif(ve) et autonome vous restez en veille technologique et êtes force de proposition. Vous êtes capable de prendre de la hauteur et vous adapter aux enjeux du projet.","
CDI

Contrat travail
","35H/semaine
Travail en journée",unspecified,unspecified,Jems,Expérience exigée,CDI,False
3177412,https://candidat.pole-emploi.fr/offres/recherche/detail/3177412,2025-10-02,Offre d'emploi Directeur de Programme - Data/IA (H/F) - 75 - Paris 1er Arrondissement - 3177412 | France Travail,75 - Paris 1er Arrondissement,"DGTL / Signe + est le facilitateur pour tous les acteurs qui recherchent des ressources ou des missions DATA.
Spécialiste du marché Data et BI, nous intervenons dans toute la France comme à l'étranger ; en sous-traitance, pré-embauche, recrutement, portage commercial, portage salarial, etc.
Depuis 2018, nous accompagnons nos clients avec proximité, juste prix et préoccupation éthique de tous les instants.
https://www.dgtl-performance.com
Le poste : 

Tâches : En lien avec le leader de tribu et les PO, assurer un support stratégique et opérationnel en transverse sur les projets usages data & IA.
 
Contexte : Les produits IA communautaires connaissent une phase d'accélération au sein de la tribu Data Factory (patrimoine produit clé pour l'entreprise) avec la nécessité de livrer un nombre croissant de produit à disposition de nos grands clients internes tout en continuant à optimiser l'existant (notamment via le socle IA Gen d'entreprise).
 
Attendu :
1/ Immédiatement après recrutement : support au suivi du périmètre historique de la squad usage Data & IA
2/ Suivi des chantiers sur les usages (livraisons, jalons clés, suivi proactif avec les parties prenantes internes) avec un focus sur l'IA pour le Marketing (proposition de cas d'usages, étude de faisabilité, matrice valeur x effort, anticipation des renforts')
3/ en lien avec le 2/ capacité à rentrer dans les sujets et apporter une expertise permettant d'être au rendez-vous de chaque jalon prévisionnel de livraison
4/ Préparation et animation des réunions avec les responsables métiers du Pôle Utilisateurs Data : avancement des différents sujets et priorisation des cas d'usages 
5 / Echange / Reporting auprès des PO et du leader de la tribu Data Factory
Profil parisien - à 100% - 3 jours sur site client (Bercy/Gare de Lyon) + 2 jours en télétravail
Profil recherché : 

Compétences techniques :
Utilisation des outils de suivi d'activité : Jira Software.
Expertise IA non Gén/Data Science : python/modèles (pour identification de la bonne technologie pour chaque cas d'usage et lien matrice valeur effort)
AWS :  Sagemaker (Studio, intégration, ... ), Terraform, expertise RAG (avec contrainte monde bancaire pour exposition des données...)
Maitrise des solutions Microsoft (Teams, SharePoint, etc.) et des outils bureautiques (Word, Excel, Powerpoint)
 
Compétences humaines :
Très bonne communication écrite et orale en restant humble - esprit de synthèse
Esprit d'équipe et capacité à fédérer plusieurs équipes qui ont pour objectif de suivre et développer le périmètre produit
Aisance à échanger au quotidien avec tous types d'interlocuteurs (à tous les niveaux de séniorité : Data Eng, Data Scientist)...","
CDI

Contrat travail
",00H/semaine,unspecified,unspecified,Dgtl performance,Expérience exigée,CDI,False
3176968,https://candidat.pole-emploi.fr/offres/recherche/detail/3176968,2025-10-04,Offre d'emploi Data Engineer (H/F) - 29 - Quimper - 3176968 | France Travail,29 - Quimper,"Description du posteMétier
ETUDES ET DATA - Business intelligence Intitulé du poste
Data Engineer H/F Missions
Au sein de la Direction Data Groupe, vous intégrerez une équipe dynamique dédiée à la valorisation des données au service des différentes entités et métiers du Groupe Adelaïde. Dans un environnement technologique moderne (Snowflake, Talend, Alteryx, Tableau.), vous contribuerez à des projets stratégiques, à la maintenance des applications en production, et jouerez un rôle clé en tant que référent sur les outils Data.Vos missionsEn collaboration avec des équipes projet agiles, vous serez amené(e) à :- Concevoir des solutions data en réponse aux besoins métiers et aux spécifications fonctionnelles- Développer et maintenir des flux de données entre les sources applicatives et les plateformes analytiques- Assurer le support en cas d'incidents de production- Mettre à disposition des datasets pertinents pour les utilisateurs métiers- Administrer et assurer le support des outils Data (Alteryx, Tableau, etc.)- Déployer les outils Data dans le respect des normes de sécurité- Accompagner les utilisateurs dans la bonne utilisation des outils analytiques Profil
Votre profil :- Expert en SQL, curieux, autonome et doté d'un esprit analytique- Vous avez une expérience significative en projets data, idéalement avec Talend- Vous êtes à l'aise dans les échanges avec les métiers et avez le sens du service- Une expérience en administration d'un outil de DataViz (Tableau, QlikSense.) est un vrai plus- Vous appréciez travailler en équipe dans un cadre agile et collaboratifPourquoi nous rejoindre ?- Un environnement technologique stimulant- Des projets multiples à fort impact métier- Une culture d'entreprise centrée sur l'innovation et la collaboration- Des perspectives d'évolution au sein du GroupeProcessus de recrutement :Nous souhaitons avoir un processus de recrutement claire et fluide, voici les prochaines étapes si votre candidature est retenue :- Echange avec un de nos chargés de recrutement et envoi éventuel d'un inventaire de personnalité (AssessFirst)- Rdv avec le responsable du service- Rdv avec un expert techniqueLocalisation du poste :France, BretagneVille :Quimper ou Rennes","
CDI

Contrat travail
",00H/semaine,unspecified,unspecified,Unspecified,Expérience exigée,CDI,False
3160966,https://candidat.pole-emploi.fr/offres/recherche/detail/3160966,2025-10-02,"Offre d'emploi Consultant Expérimenté & Manager en Data Engineering - Secteur Financier, H/F - 75 - Paris - 3160966 | France Travail",75 - Paris,"L'opportunité
En travaillant dans une équipe en croissance sur les différents métiers Data & Analytics et Innovation, vous participez au développement des missions à forte valeur ajoutée auprès de nos clients (gestion de la donnée, processus de transformation, définition de moyen, architecture, robotics, analyse quantitative, datamining, big data, algorithmique, blockchain, intelligence artificielle, digital, .).
 
Votre champ d'intervention s'étendra véritablement au niveau mondial et vous pourrez acquérir une expérience précieuse, bénéficiant de vastes possibilités de développement professionnel, tout en disposant de tout le soutien dont vous avez besoin pour atteindre votre potentiel.
 
Cette annonce est destinée aux candidats spécialisés en Data Engineering, mais nous recherchons des profils expérimentés et mobilisables sur le spectre élargi des métiers de la data.
Vos missions
Selon votre parcours, vos expériences et votre expertise, vous serez amené(e) à apporter vos compétences à des équipes engagées sur des missions de conseil de différentes natures :
·       Conception et mise en œuvre de solutions de valorisation de la donnée depuis l'idéation jusqu'à l'industrialisation en passant par les études de faisabilité, la préparation des données et la modélisation
·        Conception, développement et implémentation d'outils ou de solutions de reporting, d'aide à la décision, de visualisations de données dans les domaines du customer, du digital, de la conformité.
·       Cartographie des processus de transformation de données
·       Cadrage et analyse fonctionnelle de projets de transformation data
·       Accompagnement au pilotage, à la coordination et à la gestion de projets data
·       Définition de stratégie client en matière d'intelligence artificielle (use cases, trajectoires, roadmap.)
·       Etudes et choix de solutions et de plateformes big data, analytics.
·       Veille sur l'évolution des méthodes, des pratiques, des outils.
 
Vous pourrez continuer de développer des compétences dans les domaines de votre choix grâce à l'approche de formation EY.","
CDI

Contrat travail
",00H/semaine,unspecified,unspecified,Ey,3 An(s),CDI,False
3159357,https://candidat.pole-emploi.fr/offres/recherche/detail/3159357,2025-10-02,Offre d'emploi Data Analyst F/H (H/F) - 92 - Puteaux - 3159357 | France Travail,92 - Puteaux,"Votre profil 
 
S'il y a bien une chose qu'on ne choisit pas dans sa vie, c'est son prénom. En revanche, rien n'empêche de vouloir « s'en faire un » : 
Vous êtes diplômé d'un Bac + 5 issu de formations en data science, statistiques, économétrie ou équivalents universitaires. Vous avez une expérience dans le traitement et l'analyse de données, ainsi que dans la création de rapports et de visualisations impactantes.
Vous disposez d'au moins 1 à 2 d'expérience dans l'assurance hors alternance.
 * Vous avez une appétence pour le code et les environnements de programmation tels que Python (sous Anaconda), Snowflake, SAS, et SQL ;
 * Vous aimez explorer et analyser les données en utilisant des outils comme Tableau ;
 * Vous êtes passionné(e) par la data science, le machine learning, et l'intelligence artificielle ;
 * Vous maîtrisez les techniques d'analyse statistique et les outils de DataViz.
Si vous avez répondu positivement à l'ensemble de ces questions, choisissez de vous faire un prénom ! 
 
Votre environnement 
 
Le Service « Data Transverse » place les données au c�""ur de nos décisions stratégiques pour optimiser nos offres et services en santé, prévoyance et dommages IARD. Vous intégrerez ce service au sein de la Direction Technique Produit Non-Vie.
En tant que Data Analyst, vous rejoindrez la Direction Technique Produits, et plus précisément le département Data Transverse, avec des missions qui consistent à créer, exploiter, analyser et transformer les données en informations pertinentes, telles que des tableaux de bord, des notes de synthèse, etc..
Vous êtes basé(e) à Levallois-Perret avec un déménagement à partir d'Avril 2025 à Puteaux.
 
Vos missions 
 
Votre rôle est de valoriser la Data sur les produits Santé, Prévoyance et IARD Dommage.
 
Vous aurez pour mission de :
 
* Collecter, nettoyer et analyser les données issues de différentes sources ;
* Construire des dashboards interactifs pour faciliter la prise de décision ;
* Concevoir des modèles statistiques et des analyses pour anticiper les tendances et optimiser les performances ;
* Collaborer avec les équipes métier (marketing, finance, produit, actuariat, etc.) pour identifier les leviers d'amélioration ;
* Automatiser les rapports et les processus d'analyse ;
* Développer et mettre en place de nouveaux reportings en fonction des besoins du métier;
* Assurer la qualité et la fiabilité des données utilisées ;
* Développer des scripts sur python permettant d'automatiser la saisie pour les gestionnaires ;
* Participer à des projets de Data Science (contrôle de données, fraude, DSN.) ;
* Présentation de Use Case à la direction technique
* Maintenir :
 *  L' ensemble des suivis et reportings mis en place - L'ensemble des dashboards (sous Tableau)
 *  L 'ensemble des codes informatiques sous Anaconda python, Snowflake et SAS
 
Vos avantages chez Swiss Life 
 
La responsabilité sociétale est dans l'essence même de notre métier d'assureur qui est d'aider les entreprises et les personnes à prévoir l'imprévisible. Elle se traduit chez Swiss Life par des actions concrètes en matière de diversité et d'inclusion, d'engagement culturel et associatif impliquant nos collaborateurs. Envie d'en savoir plus sur notre RSE ? La RSE chez Swiss Life 
 
Rejoignez une entreprise engagée et certifiée depuis 6 ans « Top Employer » qui vous propose : 
 
* Un parcours professionnel pour voir la vie en grand : une intégration sur mesure, des formations tout au long de votre carrière, le choix de vivre plusieurs vies professionnelles : 25% de nos postes en CDI sont pourvus grâce à la mobilité interne, .; 
 
* Une palette d'avantages sociaux pour vous séduire : CSE, épargne salariale et épargne retraite, contrat collectif santé et prévoyance, Compte Epargne temps, .; 
 
* Une qualité de vie au travail pour aimer les lundis : télétravail jusqu'à 3 jours/semaine, horaires flexibles, RTT, restaurant inter-entreprise, .; 
 
 
Swiss Life c'est surtout une entreprise à taille humaine qui met en avant la proximité ; de votre collègue au CEO, elle valorise la proactivité par la bienveillance et l'écoute. Elle favorise également la transversalité qui permet une collaboration en mode projet entre les équipes. Ainsi, l'engagement et l'épanouissement de nos collaborateurs font la force de Swiss Life. 
 
Suivez vos rêves, trouvez votre voie, Swiss Life vous accompagne. 
 
Découvrez nos métiers 
 
 
A compétences égales, toutes nos offres sont ouvertes aux personnes en situation de handicap 
 
#YourJobYourLife","
CDI

Contrat travail
",00H/semaine,unspecified,unspecified,Swiss life,Débutant accepté,CDI,True
3158996,https://candidat.pole-emploi.fr/offres/recherche/detail/3158996,2025-10-02,Offre d'emploi Data Analyst Confirmé·e - Paris (H/F) - 75 - Paris - 3158996 | France Travail,75 - Paris,"���� Pourquoi ce poste ?
Chez Yomoni, on veut rendre l'épargne simple, transparente et accessible à tous.Notre équipe Data est au c�""ur de cette mission. Grâce à ses analyses, elle éclaire nos décisions stratégiques et contribue directement à l'optimisation de nos opérations.
Tu veux travailler sur des sujets à fort impact, qui orientent les choix d'une fintech en croissance ?Tu veux mettre tes compétences analytiques au service de projets concrets et stimulants ?
�'� Alors ce poste est fait pour toi.
���� Ce que tu feras chez nous
Tu rejoindras une équipe Data dynamique et en pleine croissance, avec un rôle clé dans la transformation de nos opérations.
�""️ Analyser des données complexesTu utilises SQL et Python pour extraire, nettoyer et analyser des données issues de sources variées, afin d'identifier tendances et opportunités stratégiques.
�""️ Créer des visualisations impactantesTu développes et maintiens des dashboards interactifs sous Metabase, pour fournir des insights clairs et actionnables aux équipes.
�""️ Collaborer avec les équipes internesTu comprends leurs besoins et traduis les enjeux business en solutions data concrètes.
�""️ Développer des modèles prédictifsTu utilises Python et les statistiques avancées pour concevoir des modèles robustes qui répondent à nos cas d'usage.
�""️ Accompagner la prise de décisionPar tes analyses et recommandations, tu aides directement le management à orienter les choix stratégiques de Yomoni.
���� Une équipe qui avance vite (et qui vise loin)
Chez Yomoni, on aime tester, apprendre et avancer ensemble.Tu seras entouré·e de collègues exigeants, bienveillants et passionnés, avec l'envie de construire une équipe Data solide et ambitieuse.","
CDI

Contrat travail
",00H/semaine,unspecified,unspecified,Yomoni,3 An(s),CDI,False
3158902,https://candidat.pole-emploi.fr/offres/recherche/detail/3158902,2025-10-02,Offre d'emploi Product Owner DATA (F/H) (H/F) - 92 - Nanterre - 3158902 | France Travail,92 - Nanterre,"Vous souhaitez évoluer dans un environnement où la data joue un rôle stratégique ? Rejoignez la tribu BI et Data de la DT2. Vous intégrez une équipe de professionnels passionnés, composée de data analysts, experts technologiques et responsables métier. Votre objectif principal : accompagner la transformation Data d'AXA, en proposant des solutions innovantes, homogènes et adaptées aux enjeux métiers.En tant que Product Owner Data, vos principales missions sont :Comprendre les besoins métiers et accompagner leur montée en compétence sur la data ;Favoriser des solutions homogènes et convergentes vers la cible définie par la Direction Data ;Cadrer, estimer les coûts et planifier les évolutions des projets;Identifier les compétences nécessaires pour le développement des projets Data ;Assurer la qualité de service, suivre les incidents et garantir la robustesse des outils ;Collaborer avec toutes les équipes concernées pour une communication claire et une visibilité efficace.","
CDI

Contrat travail
",00H/semaine,unspecified,unspecified,Axa,Débutant accepté,CDI,True
3158685,https://candidat.pole-emploi.fr/offres/recherche/detail/3158685,2025-10-02,Offre d'emploi Data Ingénieur H/F - H/F - 93 - Saint-Denis - 3158685 | France Travail,93 - Saint-Denis," 
Generali
 
Avec plus de 71 millions de clients et un chiffre d'affaires de 95,2 milliards d'euros en 2024, Generali est l'un des leaders de l'assurance et de la gestion d'actifs dans le monde. Assureur responsable, nous plaçons la durabilité au c�""ur de notre stratégie.
 
Notre direction
 
Les missions de la direction Technique Assurance s'articulent autour de 3 axes majeurs :

Structurer et piloter la politique tarifaire des produits d'assurance de Generali France, aussi bien Vie que Non-Vie, tout en servant nos engagements de durabilité.
Exploiter la Data pour créer et démultiplier la valeur apportée à nos clients et à nos réseaux de distribution.
Développer des outils d'analyse, d'anticipation et de prévention pour - au-delà du rôle traditionnel d'indemnisation de l'assureur - préparer nos clients aux changements imposés par les conséquences du changement climatique.

 
Au sein de l'équipe Applab, nous recherchons un Data Ingénieur H/F pour un poste en CDI
 
Vos missions
 Vos principales missions seront les suivantes : 
 
Mise en place et évolution d'API Rest.
Évolution de rocketapp, l'application utilisée par le marché Protection Sociale des Entreprises de Generali France pour le renouvellement annuel prévoyance santé.
Structuration de dataward, l'infocentre cible dans lequel les applications et travaux du BET doivent se sourcer.
Construction du modèle de données, afin de restituer au mieux la donnée dans les travaux menés, et d'optimiser les temps de traitement et de calcul des applications.
Évolution du compte client, répondre au mieux des besoins des commerciaux pour la livraison des comptes à nos clients.
Architecture de nouvelles applications de tarification / renouvellement, permettant de porter la croissance du chiffre d'affaires et la maîtrise du résultat technique.
  
Profil recherché
 
Diplomé Bac+5 en Data avec une première expérience réussie en stage ou alternance.
 
Compétences requises :

Python (Pandas, Flask)
Spark (Snowpark)
Vue JS
Git / GitLab / CiCd
Connaissance solide en gestion des bases de données

 
Nous rejoindre, c'est :  

intégrer une entreprise dynamique qui place l'innovation et la durabilité au c�""ur de sa stratégie
relever des challenges, faire preuve d'initiative et organiser son travail en mode hybride
construire sa carrière et développer ses compétences
se nourrir des différences de chacun dans une entreprise qui mène des actions concrètes en faveur de la diversité, l'équité et l'inclusion 
avoir la possibilité de s'engager au sein de notre fondation The Human Safety Net, pour soutenir les personnes vulnérables et participer à l'impact positif que nous générons. 

Pour en savoir plus, visitez notre site. 
 
Generali veille au respect de l'égalité de traitement des candidats lors du processus de recrutement. Les candidatures seront traitées par ordre d'arrivée. Engagé en faveur de l'égalité des chances, Generali étudie avec la plus grande attention les candidatures de personnes en situation de handicap et leurs éventuels besoins spécifiques.
 
 ","
CDI

Contrat travail
",00H/semaine,unspecified,unspecified,Generali,Débutant accepté,CDI,True
3158047,https://candidat.pole-emploi.fr/offres/recherche/detail/3158047,2025-10-02,Offre d'emploi Data Analyst Qlik Sense-CDD 6 mois H/F - 92 - Nanterre - 3158047 | France Travail,92 - Nanterre,"Au sein de la Direction Etudes Tarification et Data et rattaché(e) à l'équipe Maîtrise des coûts & Data Sinistres & Prestations, vous êtes en charge de développer des applications décisionnelles et réaliser des analyses permettant de suivre et mesurer la sinistralité, la surveillance et la rentabilité du portefeuille, en cohérence avec la stratégie et les orientations de Groupama Assurances Mutuelles.Vos missions seront les suivantes :- Mettre en place ou en forme les bases de données nécessaires au suivi des différents indicateurs de pilotage, calcul de la rentabilité et de la performance économique du Groupe;- Assurer la production d'indicateurs mensuels, hebdomadaires sur la maitrise de la charge sinistre;-Proposer et développer des applicatifs de pilotage technique/opérationnel avec Qliksense, Qlikview et organiser et co-animer les instances de travail métier;- S'assurer du bon déroulement des projets BI/décisionnel depuis la phase de cadrage jusqu'au déploiement ;- Elaborer et suivre les études statistiques en lien avec la sinistralité et la rentabilité;- Réaliser des bilans, analyses, et rédiger les différents supports de communication;- Veiller à la qualité de l'information restituée;- Collaborer avec les différentes entités régionales et services en lien avec votre activité, notamment la Direction Indemnisation Groupe;- Mettre en place des procédures de contrôle et de vérification des données;- Assurer la présentation, l'animation et le suivi des outils de pilotage auprès des entités régionales et des différentes directions de Groupama assurances mutuelles. En complément de cette activité, vous êtes amené(e) à participer aux réunions/groupes de travail en lien avec les problématiques relatives aux systèmes d'informations décisionnels et à la stratégie de l'Entreprise.Vous travaillez également en étroite collaboration avec les autres équipes de la DETD.","
CDD - 6 Mois

Contrat travail
",00H/semaine,unspecified,unspecified,Groupama,3 An(s),CDD - 6 Mois,False
3157999,https://candidat.pole-emploi.fr/offres/recherche/detail/3157999,2025-10-02,"Offre d'emploi Consultant Senior ou Manager Data Analyst & BI - secteur Financier, H/F - 75 - Paris - 3157999 | France Travail",75 - Paris,"Selon votre parcours, vos expériences et votre expertise, vous serez amené(e) à apporter vos compétences à des équipes engagées sur des missions de conseil de différentes natures :
?    Accompagnement des clients dans leur programme d'optimisation des processus avec la Data 
?    Conception, développement et implémentation d'outils BI (solutions de reporting, d'aide à la décision, de datavisualisation) dans les domaines du customer, du digital, de la conformité., en s'appuyant sur des technologies low-code (Microsoft Power Platform, Tableau, Dataiku, .) ou «?pro-dev?» (Python, SQL, .) 
?    Conception et mise en œuvre de solutions de valorisation de la donnée depuis l'idéation jusqu'à l'industrialisation (étude de faisabilité, préparation des données, modélisation.) 
?    Définition de stratégie BI / automatisation de nos clients (cas d'usage, trajectoires, roadmap.)?et accompagnement à la transformation 
?    Conception et mise en place de solutions d'analyse statistique 
?    Étude et choix de solutions et de plateformes big data, analytics. 
?    Veille sur l'évolution des méthodes, des pratiques, des outils.
Vous pourrez continuer de développer des compétences dans les domaines de votre choix grâce à l'approche de formation continue d'EY.","
CDI

Contrat travail
",00H/semaine,unspecified,unspecified,Ey,3 An(s),CDI,False
3157724,https://candidat.pole-emploi.fr/offres/recherche/detail/3157724,2025-10-02,Offre d'emploi Consultant Expérimenté & Manager en « Data & Intelligent Process Automation »-Secteur Financier (H/F) - 75 - Paris - 3157724 | France Travail,75 - Paris,"L'opportunité
En travaillant dans une équipe en croissance sur les différents métiers Data & Analytics et Innovation, vous participez au développement des missions à forte valeur ajoutée auprès de nos clients (gestion de la donnée, processus de transformation, définition de moyen, machine learning, NLP, architecture, robotics, analyse quantitative, datamining, big data, data science, algorithmique, blockchain, intelligence artificielle, digital, .).
Votre champ d'intervention s'étendra véritablement au niveau mondial et vous pourrez acquérir une expérience précieuse, bénéficiant de vastes possibilités de développement professionnel, tout en disposant de tout le soutien dont vous avez besoin pour atteindre votre potentiel.
Cette annonce est destinée aux candidats spécialisés en Data Science, mais nous recherchons des profils expérimentés et mobilisables sur le spectre élargi des métiers de la data. 
Vos missions
Selon votre parcours, vos expériences et votre expertise, vous serez amené à apporter vos compétences à des équipes engagées sur des missions de conseil de différentes natures : 
Développement d'outils et de plateformes low-code mettant à profit les développements récents et l'utilisation croissante de ce levier technologique (Power Platform avec Power Automate)
Accompagnement des clients dans leurs programmes d'automatisation et d'optimisation des processus
Identification et évaluation des opportunités d'optimisation et réalisation des études de faisabilité par des leviers technologiques, et définition des Business Cases
Elaboration des études de cadrage et proposition des cartographies de process dans le cadre des projets de transformations de Systèmes d'Informations intégrant des innovations technologiques
Conception de modèles opérationnels cible (processus, organisation, outil, .)
Accompagnement à la sélection des leviers d'optimisation de processus parmi les offres du marché et au pilotage de transformation de grande envergure s'appuyant sur les leviers technologiques
Conception et implémentation de solution d'optimisations en méthodologie Agile
 
 
Vous pourrez continuer de développer des compétences dans les domaines de votre choix grâce à l'approche de formation EY.","
CDI

Contrat travail
",00H/semaine,unspecified,unspecified,Ey,3 An(s),CDI,False
3157708,https://candidat.pole-emploi.fr/offres/recherche/detail/3157708,2025-10-02,Offre d'emploi REFERENT-E MODELISATION DE DONNEES ET CATALOGAGE H/F - 75 - Paris - 3157708 | France Travail,75 - Paris,"Directement rattaché au responsable du Pôle ADA (Pole Accompagnement Data), vous interviendrez en tant que Référent-e Modélisation et catalogage des données.  Vos missions sont les suivantes :  ·       Gouvernance des données  o    Contribuer à la mise en place et animation de la démarche de gouvernance des données, en lien avec les autres collaborateurs du pôle ADA, les Métiers et les autres acteurs SI du Groupe.  o    Contribuer à fournir aux instances les éléments nécessaires à la gouvernance (catalogage, modèles conceptuel / technique .)    ·       Captation / Référencement / catalogage o    Organiser les ateliers nécessaires avec les représentants métiers, responsable d'application et autres partie prenantes technico-fonctionnelle, pour référencer et cataloguer les données utiles à l'entreprise o    Favoriser la standardisation et de l'unicité de la donnée au sein de l'entreprise o    Etre le garant du modèle de données d'entreprise, relié notamment au glossaire de données du Groupe implémenté dans DataGalaxy (Données, règles, de gestions, lineage   ).   ·       Architecture et modélisation des données o    Participer à la construction de la stratégie Data en corrélation avec la stratégie de l'AFD et de sa DSI en respectant les grandes directions du plan d'entreprise. o    Intégrer à chaque niveau de modélisation les paramètres relatifs à la conformité et contraintes réglementaires (ex. : conformité, RGPD, LCB-FT .), cyber sécurité et techniques du secteur bancaire.  o    Définir des modélisations des données dans le but de standardiser, rationaliser, industrialiser la structuration des données. o     A partir des modélisations des données, créer et maintenir le « modèle conceptuel de données d'entreprise cible MCD-E »  o    A partir du Modèle conceptuel d'entreprise MCD-E effectués les différents modèles techniques de données d'entreprise (MPD-E) adaptés aux contextes d'application métiers, entrepôt de données, datamart, Datahub, Datalake . en cherchant à optimiser les performances, de stabilité technique et le monitoring technico-fonctionnel. o    Modéliser les données des systèmes historiques (legacies) ou progiciels quand c'est nécessaire et définir les règles de correspondance entre les modèles legacies ou progiciels et le modèle d'entreprise.      o    Identifier les impacts des évolutions sur le système d'information global.   ·       Qualité de données o    Contribuer au chantiers de qualité de données  o    Définir comment transformer ou contrôler les données historiques et le nouveau modèle de données d'Entreprise.     ·       Implémentation produit o    Projets §  Construire / adapter avec les projets, les modèles de données utiles à la construction d'application ou adaptation aux progiciels en ayant en cible le modèle de données d'entreprise.  o    Run  §  Participer à la résolution d'incident ou évolution ou étude d'impact en fournissant la documentation nécessaire ou conseil permettant d'instruire ces sujets de maintenance.   ·       Amélioration continue o    Apporter une veille sur les standards de la Data & IA. o    Contribuer à la réflexion de stratégies Data de la division OSD.   ·       Innovation o    Participer aux projets d'innovation dont l'IA en fournissant les éléments qui structurent la Data de l'AFD.   ·       Communication et actions transverses o    Accompagner et former les utilisateurs dans l'appropriation des processus, documentation et solutions déployées.   ·       Gestion de la connaissance o    Se former et avoir une vue 360 sur le contexte fonctionnel et technique de l'AFD. o    Élaborer et maintenir les cartographies des données (et les schémas d'échanges de données avec l'architecte flux). o    Veiller à la cohérence et à la pérennité de la documentation des données. o    Produire et maintenir une documentation fonctionnelle (architecture Data) rigoureuse de référence.Le contexte du poste  Au sein de la direction exécutive du secrétariat général, le département des systèmes d'information comprend 9 divisions :  - Division Appui Qualité et Transverse (AQT) - Division Sécurité Informatique, Urbanisation et lutte contre l'Obsolescence (SUO) - Division Intégration et Architecture Applicative (IAA) - Division Infrastructure et Services d'Exploitation (ISE) - Division Support et Services aux Utilisateurs (SSU) - Division Applis Transverses (ATR) - Division Applis Opérations (APO) - Division Appli Finances et Risques (ARF) - Division Offres & Services Data (OSD)  Ces 9 divisions ont été réparties sous 3 expertises :  - Expertises Transverses sous management du DSI - Expertises Techniques sous management du DSI Adjoint Technique - Expertises Métier et Data sous management de l","
CDI

Contrat travail
",00H/semaine,unspecified,unspecified,Afd - agence française de développement,Débutant accepté,CDI,True
3151489,https://candidat.pole-emploi.fr/offres/recherche/detail/3151489,2025-10-01,Offre d'emploi Lead Data Scientist (H/F) - Île-de-France - 3151489 | France Travail,Île-de-France,"L'équipe de Data Scientists est en étroite collaboration avec les équipes Produit, afin de comprendre au mieux les enjeux métiers, commerciaux et/ou opérationnels ainsi qu'avec les Data Engineers de l'équipe Tech afin d'identifier et exploiter les sources et flux de données pertinents 
Principales missions : 
- Recueillir, analyser les besoins métiers et proposer des solutions Data Science 
- Cadrer les projets : estimer les coûts, le planning et l'organisation nécessaire 
- Vérifier la qualité et la pertinence des données, les transformer et les affiner si nécessaire 
- Développer des modèles en mode POC, puis les industrialiser 
- Créer des reportings adaptés aux besoins métiers 
- Documenter les solutions développées 
- Mesurer les bénéfices business des modèles mis en production 
- S'assurer de la maintenance des projets délivrés 
- Organiser et animer les comités de pilotage IA 
- Participer à la qualification et à la priorisation des use cases 
- Animer l'équipe de Data Scientists : affectation des travaux, pilotage des réalisations, support aux Data Scientists, validation des livrables 
- Être référent technique de l'équipe 
- Assurer une veille technologique sur l'IA et l'IA Générative, et identifier les opportunités
- Proposer de manière proactive des solutions de Data Science pour améliorer la performance commerciale, marketing et opérationnelle. 
- Maintenir et enrichir la cartographie des technologies et programmes IA utilisés. 
- Elaborer et partager les best practices en Data Science au sein de la communauté data du groupe 
- Suivre les initiatives IA internes et contribuer à la stratégie Data du groupe
- Solide bagage en mathématiques, statistiques et intelligence artificielle 
- Expertise en machine learning, recherche opérationnelle et/ou IA générative 
- Maitrise de python et des librairies de data science courantes (Pandas, Scikit-learn, XGBoost,..), de sql et git 
- Maitrise des solutions GCP adaptées (en particulier Vertex AI, BigQuery, Dataform, Composer) 
- Maitrise des pratiques MLOps 
- Connaissances avancées de Looker 
- Gestion de projet en mode agile","
CDI

Contrat travail
",00H/semaine,unspecified,unspecified,Ocsi group,Expérience exigée,CDI,False
3121571,https://candidat.pole-emploi.fr/offres/recherche/detail/3121571,2025-10-01,"Offre d'emploi Data Scientist Expérimenté F/H - Système, réseaux, données (H/F) - 38 - Montbonnot-Saint-Martin - 3121571 | France Travail",38 - Montbonnot-Saint-Martin,"Descriptif du poste:

Data Scientist en charge de la conception et du développement (implémentation et entrainement) de modèles dédiés à l'analyse de données et à l'apprentissage automatique.
Rattaché(e) à un directeur d'équipe et en collaboration avec nos chefs de projets :
* Vous travaillez conjointement avec le reste de l'équipe pour le bon déroulement du projet. Vous effectuez un reporting régulier, vous êtes capable de présenter vos travaux aux membres de l'équipe.
* Vous participez à l'exploration et à l'analyse de données pour répondre aux enjeux métiers clients. Vous démontrez une bonne compréhension des problématiques clients, mettez en œuvre des capacités d'analyse sur de grands volumes de données et développez des solutions pertinentes dans le respect des délais et une approche pragmatique de la qualité.
* Vous documentez vos travaux et suivez l'évolution de l'état de l'art dans le domaine concerné.
* Vous abordez vos développements avec une approche orientée projet en attachant une attention particulière à la qualité de votre travail, la robustesse du code développé, l'utilisation de bonnes pratiques de développement, le respect des délais et le travail en équipe.
* Vous êtes capable de gérer un projet, d'établir les tâches pour les différents membres de l'équipe et de présenter les travaux effectués au client. Vous savez organiser et prioriser les tâches pour le bon déroulement d'un projet.

Profil recherché:

Qualifications :
* Docteur en sciences ou BAC+5 (ingénieur ou master)
* Minimum 3 ans d'expérience en tant que Data Scientist
Compétences requises :
* Analyse des données (statistiques, probabilités, visualisation de données)
* Expérience en Deep Learning (tensorflow, Pytorch) sur des problématiques de traitement automatique des langues ou Computer Vision
* Analyse et modélisation de séries temporelles et entrainement de modèles de Machine Learning (sklearn, xgboost, fbprophet)
* Programmation : Python
* Outils de travail en équipe : Git, Gitlab CI
* Expérience en gestion de projet
* Français et anglais (oral et écrit)
Compétences appréciées :
* Connaissances en bases de données (PostgreSQL, MySQL, MongoDB .)
* Langages de programmation : C/C++, Java, Scala
Qualités requises :
* Vous êtes autonome, curieux(se) et rigoureux(se)
* Vous aimez travailler en équipe
* Vous avez une bonne communication orale et écrite","
CDI

Contrat travail
",00H/semaine,unspecified,unspecified,Probayes,3 An(s),CDI,False
3117236,https://candidat.pole-emploi.fr/offres/recherche/detail/3117236,2025-10-01,"Offre d'emploi Data Scientist - Swindon F/H - Système, réseaux, données (H/F) - 75 - Paris 1er Arrondissement - 3117236 | France Travail",75 - Paris 1er Arrondissement,"Descriptif du poste:

Description de l'entreprise
Acteur majeur de la scène financière européenne et mondiale, le Groupe BNP Paribas a pour mission de contribuer à une économie responsable et durable en finançant et en conseillant ses clients de manière éthique.
La  BNP Paribas s'appuie sur une organisation solide : plus de 46 000 collaborateurs dans le monde répartis dans 55 pays. Elle s'appuie également sur des équipements robustes au service des activités et des clients du Groupe : c'est près de 35 000 m² de data centers et 160 000 serveurs.
Au sein d'IT GROUP, nous définissons et déployons la stratégie informatique du Groupe à l'échelle mondiale et assurons la cohérence globale de notre système d'information.
Intégrer l'IT du Groupe BNP Paribas, c'est être au cœur de la stratégie de transformation technologique et digitale du Groupe, au travers notamment du déploiement de projets transverses majeurs, tels que le Cloud, les APIs, l'architecture, la data et la cybersécurité. C'est aussi, plus de 40 métiers, en perpétuelle évolution. La gamme des métiers exercés au sein de nos équipes est large. Et les passerelles sont multiples.
Vous collaborerez avec les équipes des différents départements mais aussi avec les équipes IT des Métiers de la Banque, en France et/ou à l'international.
Un parcours d'intégration vous accompagnera dans les trois premiers mois de votre arrivée et vous aurez accès aux sessions de formation techniques et méthodologiques de l'IT du Groupe pour améliorer continuellement vos compétences.
Si vous souhaitez nous rejoindre, n'hésitez plus car c'est un environnement de travail challengeant au quotidien !

Profil recherché:

Missions
- Data Scientist - Swindon H/F
 
Concrètement votre quotidien ?
Rejoignez une équipe innovante et en pleine expansion, qui façonne l'avenir de la prise de décision basée sur les données au Royaume-Uni.  collaborative et tournée vers l'avenir, notre équipe s'attache à résoudre des problématiques concrètes grâce à des solutions intelligentes et évolutives. 
Vous évoluerez dans un environnement collaboratif bienveillant où l'expérimentation est encouragée, l'apprentissage en conti","
CDI

Contrat travail
",00H/semaine,unspecified,unspecified,Carrevolutis,Débutant accepté,CDI,True
3148046,https://candidat.pole-emploi.fr/offres/recherche/detail/3148046,2025-10-01,Offre d'emploi Data Engineer AWS (H/F) - 75 - Paris - 3148046 | France Travail,75 - Paris,"Nous sommes à la recherche d'un consultant de haut niveau spécialisé en Data Engineering, disposant d'une expertise approfondie dans les technologies AWS (Kinesis, DMS, S3, etc.), Airflow, Terraform, GitLab CI/CD, Python ainsi qu'une solide maîtrise des bases de données telles qu'Exadata, Oracle, SQL Server et Snowflake.
Il sera chargé de concevoir et développer des pipelines de réplication et de traitement de données dans un environnement cloud tout en contribuant activement à la fiabilité, l'automatisation et la scalabilité de notre plateforme data.
Le contexte:
L'un des principaux objectifs du plan de transformation DATA du groupe Canal+ est de développer des applications DATA qui enrichissent l'expérience de nos abonnés et permettent à nos équipes métiers (pilotage, marketing, commerce, etc.) de devenir autonomes dans l'analyse des données et des KPI.
Dans ce cadre, Canal+ a déployé les outils : AWS, Dataiku, Gitlab, Terraform, Snowflake, Braze, AI, Spark, Python, POWERBI, .etc. pour mettre en place des architectures sophistiquées pour ingérer plus de 100To de données par jours: Datalake, Event-driven, Streaming, etc.
Des exemples de projets sont nombreux :
- AI Chatbot
- AI pour recommandation des programmes .etc.
- feature store
- Socle vidéo
- Content Platform
- Partager des données avec nos partenaires (Netflix, Apple, M6, TF1, etc.)
- Mettre à disposition des applications de data-selfservice
Description du poste :
Concevoir, développer et maintenir des pipelines de réplication et de traitement de données issues des sources hétérogènes, dans un contexte international, vers une plateforme de données centralisée sur AWS.
Responsabilités :
- Développement de pipelines ETL/ELT avec Airflow, Python, SQL
- Connexion aux bases sources (Exadata, Oracle, etc.)
- Intégration des données dans AWS (S3, Kinesis, DMS, Lambda...)
- Nettoyage, mapping, déduplication et enrichissement des données
- Collaboration avec les 'architectes pour appliquer les modèles cibles
- Documentation technique et référentiels
- Concevoir et mettre en œuvre les flux de réplication
- Harmoniser et transformer les données
- Automatiser les pipelines de données
- Développer des Pipelines Gitlab CI/CD
- Développer d'IaC pour des architectures sophistiquées full AWS avec Terraform, Ansible et Python.
- Contribuer au FinOps
Compétences :
- Aptitudes : Être dynamique, proactif, autonome, et ouvert d'esprit, bon communicant avec une grande curiosité scientifique
- Très bonne maîtrise de l'écosystème AWS (S3, Kinesis, DMS, Lambda.)
- Très bonne maîtrise des bases des données et des Data warehouses (Exadata, Oracle, SQL Server, Snowflake, etc.)
- Maitrise des langages : SQL, Python
- Maîtrise des outils de traitement et d'orchestration (Apache Airflow, dbt, Python, SQL)
- Bonne expérience en Terraform pour l'IaC
- Connaissance de GitLab CI/CD pour l'automatisation des déploiements
- Expérience avec des CRM
- Connaissance des problématiques de data quality, modélisation, monitoring et alerting
- Expérience : Justifier d'au moins 6 ans d'expérience en tant que Data Engineer ou Ingénieur Intégration Data dans des environnements dans un environnement similaire
- Une ou plusieurs certifications (AWS, Snwoflake, Terraform, etc.) sont fortement appréciées
- Langues : Maîtrise de l'anglais courant","
CDI

Contrat travail
",00H/semaine,unspecified,unspecified,Néo-soft,Expérience exigée,CDI,False
3149760,https://candidat.pole-emploi.fr/offres/recherche/detail/3149760,2025-10-01,Offre d'emploi Expert IA F/H/X (H/F) - Île-de-France - 3149760 | France Travail,Île-de-France,"Vous avez une solide expérience dans l'intelligence artificielle et souhaitez relever de nouveaux défis technologiques ? Avec plus de 7 ans d'expérience, vous êtes à l'aise dans un rôle à la fois technique et fonctionnel, où votre expertise en Azure, API, IoT et Azure AI Foundry vous permet de transformer les besoins métiers en solutions concrètes et performantes. En tant qu'Expert.e IA technico-fonctionnel, vous participerez à la conception d'un catalogue interactif innovant, au cœur de notre stratégie digitale, et vous serez un véritable moteur d'innovation et de valeur ajoutée pour nos projets.
Missions:
- Concevoir et structurer un catalogue interactif intégrant les différentes solutions d'intelligence artificielle, en veillant à sa clarté, sa facilité d'utilisation et son évolutivité.
- Analyser les besoins métiers et les traduire en spécifications fonctionnelles afin de proposer des solutions IA adaptées et créatrices de valeur.
-  Jouer un rôle de relais entre les équipes techniques et les parties prenantes métiers, garantissant une compréhension mutuelle et une mise en œuvre efficace des cas d'usage.
- Définir, organiser et maintenir les référentiels de données, modèles et algorithmes intégrés au catalogue pour assurer cohérence et traçabilité.
- Superviser la qualité et la performance des solutions proposées, en s'assurant de leur fiabilité, de leur pertinence et de leur alignement avec les standards de l'entreprise.
- Accompagner et former les utilisateurs dans l'adoption du catalogue interactif, en facilitant la montée en compétences et l'optimisation de son utilisation au quotidien.
- Expérience confirmée (7 ans minimum) dans des environnements technico-fonctionnels, avec une expertise avérée en conception et intégration de solutions IA.
- Maîtrise de Microsoft Azure et de ses services cloud, incluant le déploiement, la gestion et la sécurisation des solutions IA.
- Connaissance approfondie des protocoles IoT, avec une capacité à concevoir et intégrer des solutions connectées au sein d'architectures complexes.
- Expérience solide dans la conception et l'utilisation d'API, garantissant l'interopérabilité et la scalabilité des solutions déployées.
- Pratique avancée d'Azure AI Foundry, incluant le développement, la personnalisation et l'industrialisation de modèles IA.
- Forte capacité à accompagner les métiers dans la définition et l'optimisation de leurs besoins, tout en assurant un haut niveau de communication avec les équipes techniques.
Nos avantages : 
- Mutuelle prise en charge à 60% (gratuite pour vos enfants).
- Transports pris en charge à 50%.
- Possibilité de télétravail avec une rétribution de 2,70 € par jour.
- Carte restaurant d'une valeur de 10 € par jour, utilisable jusqu'à 25 €, pris en charge à 60%.
- Accès à HelloCSE avec de nombreuses offres et réductions chez Ikea, Pathé, Fnac, Cdiscount, et bien d'autres.
- Possibilité de bénéficier d'un bonus de cooptation de 2 000 € !
- De nombreuses formations gratuites, incluant des certifications Microsoft.
- Compte épargne temps jusqu'à 90 jours.
- Participation et intéressement.
- Jours de congé supplémentaires pour valoriser votre ancienneté.
- 3 jours d'absences rémunérées par an pour le parent d'un enfant malade
- 4 absences autorisés rémunérées pour les conjoint.e.s d'une personne enceinte pour assister aux examens obligatoires prénataux. 
- Journée de solidarité chômée et payée 
Pourquoi nous choisir ?
 Une communauté internationale regroupant plus de 110 nationalités.
 Un environnement où la confiance est clé : 70 % de nos leaders ont commencé leur carrière au premier niveau de responsabilités.
 Un système de formation solide avec notre Académie interne et plus de 250 modules disponibles.
 Un cadre de travail stimulant, favorisant les rencontres et les échanges (afterworks, team buildings...).
 Un engagement fort en matière de RSE, notamment avec notre programme WeCare Together.
 Inclusion et diversité
Amaris Consulting promeut l'égalité des chances. Nous nous engageons à rassembler des talents d'horizons différents et à créer un environnement de travail inclusif. Dans cette optique, nous recueillons les candidatures de toutes les personnes qualifiées, quel que soit leur sexe, orientation sexuelle, race, origine ethnique, croyances, âge, état civil, handicap ou autres caractéristiques.","
CDI

Contrat travail
",00H/semaine,unspecified,unspecified,Amaris consulting,Expérience exigée,CDI,False
3134568,https://candidat.pole-emploi.fr/offres/recherche/detail/3134568,2025-10-01,Offre d'emploi Chef.Fe de Projet IA H/F - France - 3134568 | France Travail,France,"POSTE : Chef.Fe de Projet IA H/F
DESCRIPTION : Vous souhaitez relever des défis technologiques et jouer un rôle central dans la transformation digitale d'une entreprise innovante ? Rejoignez notre équipe en tant que Chef.fe de Projet IA et contribuez à la structuration intelligente des connaissances au sein de solutions digitales de pointe.  
En coordonnant des projets d'intelligence artificielle à fort impact, vous serez un acteur clé de l'optimisation des processus data-driven et de la performance de l'organisation.  
Si vous êtes passionné.e par l'intelligence artificielle, doté.e d'une solide expérience en gestion de projets complexes, et que vous souhaitez évoluer dans un environnement international stimulant, ce poste est fait pour vous !
Vos missions :
- Piloter des projets IA autour de la conception et l'implémentation de knowledge graphs.
- Coordonner les équipes techniques, produit et métiers pour assurer la réussite des projets.
- Vulgariser et expliquer les concepts de knowledge graph et de LLM aux parties prenantes.
- Assurer l'intégration des knowledge graphs dans les produits et systèmes existants.
- Suivre les KPI, garantir le respect des délais, du budget et de la qualité.
- Contribuer à l'amélioration continue des processus de gestion de projet et de gouvernance de la donnée.
Nos avantages :
- Mutuelle prise en charge à 60% (gratuite pour vos enfants).
- Transports pris en charge à 50%.
- Possibilité de télétravail avec une rétribution de 2,70 € par jour.
- Carte restaurant d'une valeur de 10 € par jour, utilisable jusqu'à 25 €, pris en charge à 60%.
- Accès à HelloCSE avec de nombreuses offres et réductions chez Ikea, Pathé, Fnac, Cdiscount, et bien d'autres.
- Possibilité de bénéficier d'un bonus de cooptation de 2 000 € !
- De nombreuses formations gratuites, incluant des certifications Microsoft.
- Compte épargne temps jusqu'à 90 jours.
- Participation et intéressement.
- Jours de congé supplémentaires pour valoriser votre ancienneté.
- 3 jours d'absences rémunérées par an pour le parent d'un enfant malade
- 4 absences autorisés rémunérées pour les conjoint.e.s d'une personne enceinte pour assister aux examens obligatoires prénataux.
- Journée de solidarité chômée et payée
Pourquoi nous choisir ?
Une communauté internationale regroupant plus de 110 nationalités.  
 Un environnement où la confiance est clé : 70 % de nos leaders ont commencé leur carrière au premier niveau de responsabilités.  
 Un système de formation solide avec notre Académie interne et plus de 250 modules disponibles.  
 Un cadre de travail stimulant, favorisant les rencontres et les échanges (afterworks, team buildings).  
 Un engagement fort en matière de RSE, notamment avec notre programme WeCare Together.
Inclusion et diversité
Amaris Consulting promeut l'égalité des chances. Nous nous engageons à rassembler des talents d'horizons différents et à créer un environnement de travail inclusif. Dans cette optique, nous recueillons les candidatures de toutes les personnes qualifiées, quel que soit leur sexe, orientation sexuelle, race, origine ethnique, croyances, âge, état civil, handicap ou autres caractéristiques.
PROFIL : Votre profil :
- Expérience confirmée (5 ans minimum) en gestion de projets IT, idéalement en IA ou data.
- Bonne compréhension des knowledge graphs, ontologies et modèles de langage (LLM).
- Expérience en coordination d'équipes pluridisciplinaires (tech, produit, métier).
- Maîtrise des méthodologies de gestion de projet (Agile, Scrum, etc.).
- Excellentes compétences en communication et vulgarisation technique.
- Anglais courant indispensable pour évoluer dans un contexte international.","
CDI

Contrat travail
",00H/semaine,unspecified,unspecified,Amaris consulting,Expérience exigée,CDI,False
3131068,https://candidat.pole-emploi.fr/offres/recherche/detail/3131068,2025-10-01,Offre d'emploi Ingénieur IA Spécialisé en Computer Vision H/F - 80 - Amiens - 3131068 | France Travail,80 - Amiens,"POSTE : Ingénieur IA Spécialisé en Computer Vision H/F
DESCRIPTION : We build. We create impact.
Belive.ai a développé une plateforme d'intelligence artificielle et d'analyse d'images permettant aux commerçants de piloter leur réseau de magasins en temps réel, notamment : disponibilité des produits en rayon, attente en caisse, conformité des planogrammes, etc. Les solutions Belive.ai facilitent le quotidien des équipes grâce à une technologie compétitive et adaptable à tout type de magasins et de rayons ; les données sont disponibles en temps réel tant pour le magasin que pour le siège et les entrepôts.
Au sein de l'équipe développement de Belive.ai, vos missions seront les suivantes :
Développement et Optimisation d'Algorithmes de Computer Vision :
- Concevoir, implémenter et optimiser des algorithmes avancés en vision par ordinateur.
- Explorer et expérimenter de nouvelles architectures et approches en IA générative et vision multimodale.
- Effectuer une veille technologique active sur les dernières avancées scientifiques et techniques en IA et Computer Vision.
Déploiement et Industrialisation :
- Intégrer et déployer les modèles d'IA sur diverses plateformes (cloud, edge computing, systèmes embarqués, dispositifs mobiles).
- Garantir la scalabilité, la robustesse et la haute performance des modèles déployés.
- Mettre en place et gérer les pipelines MLOps pour l'automatisation de l'entraînement, de l'évaluation, du déploiement et du monitoring continu des modèles.
Tests et Validation :
- Concevoir et réaliser des protocoles rigoureux de tests automatisés pour garantir la précision, la robustesse et la performance des solutions IA.
- Garantir la qualité et la conformité des données d'entraînement, de validation et d'inférence.
Collaboration et Innovation :
- Collaborer étroitement avec des équipes pluridisciplinaires (développeurs, data scientists, cloud, sales).
- Participer activement à l'innovation technologique et contribuer à la production de publications, brevets ou présentations techniques internes et externes.
We innovate. We help communities thrive.
Notre mission consiste à faire du magasin physique un véritable atout digital.
Nous sommes des entrepreneurs en quête d'innovation, Nos équipes sont internationales et curieuses du monde qui nous entoure.  
 La diversité culturelle est inscrite dans notre ADN. C'est une force unique qui nous permet de travailler ensemble pour servir nos clients partout dans le monde.
La croissance de notre Groupe est un véritable catalyseur pour votre développement de carrière. Votre évolution sera rapide et vous aurez toute latitude pour façonner votre propre avenir, en France comme à l'international.
Vous êtes la clé de notre succès : des talents agiles, innovants, passionnés, et qui n'ont pas peur de prendre des risques, d'échouer et d'apprendre de leurs erreurs. Quel que soit votre rôle chez VusionGroup, vous contribuerez à réinventer et réimaginer le commerce de demain.
Conditions de Travail :
- Travail en équipe dans un environnement dynamique et innovant.
- Salaire compétitif en fonction de l'expérience et des compétences.
PROFIL : - Diplôme : Bac +5 en Informatique, Intelligence Artificielle, Vision par Ordinateur, Traitement d'image ou équivalent.
- Expérience : Au moins 2 ans d'expérience sur des projets IA, idéalement avec une spécialisation en vision par ordinateur (Computer Vision)
- Anglais lu écrit et parlé exigé
- Soft Skills :
- Capacité analytique et de résolution rapide des problèmes complexes.
- Autonomie, rigueur, excellente organisation du travail.
- Capacité démontrée à travailler en équipe et à communiquer efficacement.
- Esprit d'innovation, curiosité scientifique et adaptabilité aux évolutions technologiques.
- Compétences techniques requises :
- Excellente maîtrise de Python et bibliothèques associées (OpenCV, NumPy, Pandas).
- Maîtrise des frameworks de deep learning (TensorFlow, PyTorch, JAX).
- Connaissance approfondie des modèles d'IA appliqués à la CV : CNN, Vision Transformers (ViT), GANs, modèles génératifs (Stable Diffusion) et modèles multimodaux (CLIP).
- Expérience confirmée en segmentation sémantique et instance, détection d'objets, classification d'images, reconnaissance faciale, suivi et analyse vidéo.
- Compétences avancées en optimisation et accélération de modèles : TensorRT, ONNX, quantification (INT8, FP16), pruning et distillation.
- Expertise en MLOps (Kubeflow, MLflow, Weights & Biases, DVC) pour l'automatisation du cycle de vie des modèles.
- Maîtrise des outils de déploiement et conteneurisation (Docker), API REST (FastAPI, Flask).
- Connaissances en Edge AI et systèmes embarqués","
CDI

Contrat travail
",00H/semaine,unspecified,unspecified,Vusion group,Expérience exigée,CDI,False
198MTQH,https://candidat.pole-emploi.fr/offres/recherche/detail/198MTQH,2025-09-30,Offre d'emploi Data Scientist / Data Engineer H/F (H/F) - 69 - VILLEURBANNE - 198MTQH | France Travail,69 - VILLEURBANNE,"Qui sommes-nous ?

Nous sommes passionnés par les nouvelles technologies, et vous ?
Rejoindre Amiltone, c'est intégrer des équipes dynamiques et soudées dans le cadre de projets novateurs et
ambitieux. Nous relevons les challenges techniques de nos clients et les accompagnons dans leur transformation
digitale.

Pourquoi choisir Amiltone ?

Amiltone, plus qu'une entreprise, un état d'esprit ! Notre objectif ? Votre épanouissement professionnel !
Nous avons à cœur de :
Vous accompagner au mieux au travers d'un suivi personnalisé
Vous faire monter en compétences en vous proposant des formations tout au long de votre carrière
Comprendre vos besoins et respecter nos engagements
Vous proposer des missions de qualité avec des technologies innovantes
Cultiver votre potentiel grâce à notre programme de développement personnel Addvise
Votre bien-être passe aussi par des activités extraprofessionnelles, c'est pourquoi nous vous proposons des séances
sportives animées par nos coachs, soirées pour se retrouver et animations (à l'agence ou en visio), Gaming nights...

Vos missions ?

Intégré à nos équipes sur nos projets au forfait ou chez nos clients, vous interviendrez sur un projet de Data Scientist.
En tant que Data Scientist/ Engineer (H/F), vous assurez les missions suivantes :

- Conception d'un modèle prédictif
- Migration et centralisation des données vers une base de données
centralisée sous SQL Server
- Déploiement en production via des workflows MLOps robustes
- Intégration des modèles dans des pipelines de production avec MLflow, Docker, CI/CD, conteneurisation
- Optimisation les flux existants
- Création d'une API Flask pour déployer les modèles et les intégrer dans des applications métier.

La stack technique :
- SQL
- Python R
- Power BI
- Mat Lop Lite : Mathématique 
- ML FLOW


Alors ? Prêt à devenir Amiltonien ?

N'hésitez pas à postuler si vous vous reconnaissez :
 - Diplômé d'un bac+5 (master en data), vous avez au moins 1 an d'expérience en tant que Data Scientist en alternance.
- Vous aimez découvrir de nouveaux contextes fonctionnels et comprendre les objectifs des applications que vous développez.
- A l'aise dans une organisation agile et dans un contexte anglophone, vous faites preuve de rigueur.

Outre vos compétences techniques, nous nous intéressons également à votre potentiel et votre motivation.

Nos postes sont ouverts aux personnes en situation de handicap.","
CDI

Contrat travail
","35H/semaine
Travail en journée",30000.0,40000.0,Amiltone,1 An(s),CDI,False
3076704,https://candidat.pole-emploi.fr/offres/recherche/detail/3076704,2025-10-02,"Offre d'emploi Data Scientist F/H - Système, réseaux, données (H/F) - 59 - Villeneuve-d'Ascq - 3076704 | France Travail",59 - Villeneuve-d'Ascq,"Descriptif du poste:

Rattaché(e) au domaine Data Science de la Direction de la Donnée de Synergie, vous contribuez à une exploitation innovante et responsable de la Data Science, de l'IA et de l'IA générative en lien avec les métiers et experts du groupe. Vous jouez un rôle clé dans le développement de solutions utiles et explicables et éthiques, alignées avec les ambitions de valeurs du groupe.
Vous avez envie de rejoindre une équipe tournée vers l'innovation, le partage et le développement des compétences, n'attendez pas pour saisir l'opportunité !
En proximité avec les différents métiers des filiales de Cofidis Group, vous exercez les responsabilités suivantes :
* Traduire un besoin métier en problématique data exploitable et proposer des leviers d'optimisation ou d'innovation. Sensibiliser les métiers pour faire émerger des cas d'usage à forte valeur.
* Concevoir, développer et industrialiser des modèles prédictifs (algorithmes, machine learning, forecasting, etc.) qui répondent de manière efficace et opérationnelle à la problématique métier : de la préparation des données au déploiement (documentation, intégration, automatisation, suivi, retraining). J'adopte une méthodologie itérative et de planification de projet
* Participer aux projets d'exploration et de déploiement de la cellule IA tout en veillant au respect de la gouvernance IA du Groupe
* En qualité de référent d'une entité, délivrer des conseils, des partages de travaux du Groupe, et remonter les besoins de l'entité.
* Partager son expertise avec les ingénieurs statistiques du Groupe et du Crédit Mutuel Alliance Fédérale via des restitutions pédagogiques, modules de formation, support de nos plateformes et animer la communauté (comités, réseau social pro interne, Hackathon, .)
* Assurer une veille active sur l'IA par des formations, recherches personnelles et collaboration avec des écoles et des start-up.  Expérimenter et diffuser les enseignements de cette veille.
Le champ d'application est très large : marketing, expérience client, risque et fraude.
Des déplacements sont à prévoir chaque année.

Profil recherché:

·        Diplômé(e) Bac+5 en Informatique, Statistiques vous disposez d'une expérience significative d'à minima 3 ans en modélisation statistique et pilotage de projets data innovants.
·        Maitrise du machine learning / deep learning et au traitement du langage naturel dans un environnement professionnel (Git)
·        Vous maîtrisez le langage Python pour la data science et SQL.
·        Bonnes connaissances des LLM, prompt engineering, RAG et fort intérêt pour les technologies émergentes.
·        Ce qui peut constituer un plus : SAS, enjeux éthiques/frugaux, outils de dataviz (BI ou dash), création d'API Python, automatisation avec Airflow et des compétences en webscraping.
·        Anglais compréhension écrite et orale niveau B2 minimum.
·        Analytique et rigoureux, vous êtes orienté(e) résultats.
·        En bon(ne) communicant(e), vous collaborez activement avec les autres membres du service et vos clients internes, en favorisant l'esprit d'équipe et le partage. Vous faîtes preuve de capacité de vulgarisation et vous consacrez du temps à la mise en valeur de ce que vous apportez aux entités.
·        Enfin, vous êtes curieux(se) pour vous former continuellement, suivre les nouvelles tendances et vous êtes force de proposition.","
CDI

Contrat travail
",00H/semaine,unspecified,unspecified,Synergie,Débutant accepté,CDI,True
3075409,https://candidat.pole-emploi.fr/offres/recherche/detail/3075409,2025-09-30,"Offre d'emploi Data AI Scientist F/H - Système, réseaux, données (H/F) - 92 - Courbevoie - 3075409 | France Travail",92 - Courbevoie,"Descriptif du poste:
Accompagné par un cabinet de conseil, le projet couvre l'ensemble du cycle de vie : du choix du cloud provider à l'adoption par les utilisateurs, en passant par la définition des besoins métiers, le développement de la stack technologique, les architectures LLM, et leur maintenance.   Nous recherchons un(e) Data IA Scientist pour accompagner l'évolution, la maintenance et le développement de notre plateforme GenAI. Rattaché(e) directement à la direction IA du groupe Verallia et en lien étroit avec les métiers et la DSI, vous intégrerez des cas d'usage spécifiques en personnalisant ou en créant des modèles et architectures adaptés, tout en assurant la cohérence technologique sur l'ensemble des phases de BUILD et de RUN.   Vos principales responsabilités sont les suivantes :  
* Piloter le développement de la plateforme GenAI sur les cloud providers retenus, en assurant lacorrection des anomalies, l'optimisation des performances et la rédaction des cahiers des charges. 
* Coordonner les prestataires externes, en assurant la qualité du code et des livrables, mais aussi le transfert technologique à vous-même et aux équipes internes. 
* Mettre en place des outils de personnalisation, de monitoring et de sécurité pour garantir la robustesse et la conformité des modèles. 
* Définir et faire évoluer les architectures GenAI, en lien avec les besoins métiers, et structurer une approche produit adaptée. 
* Déployer des cas d'usage IA concrets, notamment des chatbots et RAG internes, en collaboration avec les équipes opérationnelles. 
* Identifier et prioriser de nouveaux cas d'usage, en explorant les solutions du marché ou en développant des fonctionnalités sur mesure. 
* Collaborer étroitement avec la DSI et les métiers, pour garantir l'alignement technologique, accompagner la transformation et faciliter l'appropriation des solutions IA.           -

Profil recherché:
De formation supérieure (Bac+5) en informatique, intelligence artificielle, et tout particulièrement LLM, vous justifiez d'une expérience de réalisation de nombreux projets avec des modèles IA Gen. Compétences techniques attendues : 
* Maitrise des architectures GenAI : RAG, fine-tuning, prompt engineering, agent. 
* Maîtrise du développement fullstack, avec un excellent niveau en Python 
* Expérience avec les frameworks LLM open source (LangChain, LlamaIndex, Haystack.) et les plateformes comme Hugging Face ou RedHat. 
* Compétences en front-end (React.js, Vue.js, Angular, Svelte) et en ML engineering (Kubernetes, Docker, CI/CD.). 
* Maîtrise des environnements cloud (AWS, Azure) et des plateformes IA (OpenAI, Anthropic). 
* Solides bases en architecture logicielle, microservices et bases de données (PostgreSQL, MongoDB, Elasticsearch, FAISS.). 
* Connaissance des enjeux de sécurité, conformité et gouvernance IA (RGPD, chiffrement, explainability.).  Autonome, curieux/euse, rigoureux/euse, avec un esprit collaboratif, vous êtes reconnu(e) pour vos votre aisance relationnelle et vos qualités de communication et d'écoute.Vous maîtrisez le Français et l'Anglais afin de travailler avec les différents métiers en France et nos filiales à l'international.  Pourquoi nous rejoindre ?- Participation à des projets innovants autour de l'IA Générative.- Opportunité d'évoluer dans un environnement technologique de pointe.- Collaboration avec des équipes métiers variées pour adapter les solutions IA.","
CDI

Contrat travail
",00H/semaine,unspecified,unspecified,Verallia packaging,4 An(s),CDI,False
3073824,https://candidat.pole-emploi.fr/offres/recherche/detail/3073824,2025-09-30,"Offre d'emploi Data Analyst/Scientist F/H - Système, réseaux, données (H/F) - 94 - Ivry-sur-Seine - 3073824 | France Travail",94 - Ivry-sur-Seine,"Descriptif du poste:
Rattaché(e) à la Directrice du Contrôle interne, les missions sont notamment les suivantes :

-        Construire, avec les directions métiers et en lien avec les cartographies des risques (Fraude et corruption), les systèmes de contrôles basés sur l'analyse de données en masse et l'utilisation d'intelligence artificielle, 
-        Participer à la mise en place et à la supervision des indicateurs permettant de monitorer les activités de contrôle interne,
-        Coordonner les actions de renforcement du contrôle interne financier (revues de bilan) et IT (gestion et contrôle des accès, contrôles minimaux IT),
-        Informer les instances dirigeantes à travers l'animation des Comités de Contrôle Interne ou Comités dédiés,
-        Participer aux points de coordination avec les autres fonctions dédiées à l'amélioration de la performance et à la maîtrise des risques (Sûreté, Audit Interne, Directions opérationnelles...).

Profil recherché:
Profil recherché :
Diplômé(e) d'un BAC +5 en Data (notamment école d'ingénieur) vous justifiez d'une expérience de 5 ans minimum dans des fonctions de Data Analyst ou Data Scientist au sein d'une Direction métier, idéalement dans le secteur de la distribution et dans un environnement international.

Compétences techniques nécessaires : 
-        Connaissance des principes de Data Gouvernance et des bonnes pratiques de gestion de la qualité des données.
-        Maîtrise du Pack office et de VBA.
-        Maîtrise de SQL pour l'extraction et la manipulation de données.
-        Expertise Microsoft Power plateforme : Power BI (pour la création de tableaux de bord, langage : DAX), Power Query (langage M), Power Apps & Power automate, Power Pivot

Compétences techniques additionnelles valorisées : 
-        SAP
-        Maitrise de GCP, notamment de Big Query
-        Python
-        La connaissance de Microstrategy et QlikView .

Autres compétences souhaitées : 
-        Fortes capacités d'analyse et de synthèse
-        Rigueur, méthode et fiabilité
-        Sens de l'organisation, prises d'initiatives et autonomie
-        Doté(e) d'une bonne communication écrite et orale

Anglais : capacité professionnelle complète / l'Espagnol serait un plus.","
CDI

Contrat travail
",00H/semaine,unspecified,unspecified,Fnac darty,5 An(s),CDI,False
3073728,https://candidat.pole-emploi.fr/offres/recherche/detail/3073728,2025-09-30,"Offre d'emploi Data Scientist/IA F/H - Système, réseaux, données (H/F) - 69 - Lyon 1er Arrondissement - 3073728 | France Travail",69 - Lyon 1er Arrondissement,"Descriptif du poste:

Le poste



Mission :



En tant que Data Scientist (H/F), vous serez en charge des missions suivantes :



 -  Collecter et préparer des données

 -  Nettoyer, transformer et structurer les données pour les rendre exploitables

 -  Gérer la qualité des données 

 -   Construire des modèles prédictifs et des algorythmes de machine learning

-  Veiller à l'amélioration continue des performances des modèles

-  Suivre les avancées en data science, machine learning et intelligence artificielle





Stack technique:

-Machine Learning

-Python 

-SQL

-Pandas / Numpy

-Flask

-Tableau/ Power BI 

Profil recherché:

Profil recherché

Alors ? Prêt à devenir Amiltonien ?



N'hésitez pas à postuler si vous vous reconnaissez :



- Diplômé d'un bac+5 (école d'ingénieur ou master), vous avez minimum 3 ans d'expérience en tant que Data scienctist.



- Vous aimez découvrir de nouveaux contextes fonctionnels et comprendre les objectifs des applications que vous développez.



- A l'aise dans une organisation agile, vous faites preuve de rigueur et appliquez les standards de qualité Amiltone durant toute la durée des développements.





Outre vos compétences techniques, nous nous intéressons également à votre potentiel et votre motivation.



Nos postes sont ouverts aux personnes en situation de handicap.","
CDI

Contrat travail
",00H/semaine,unspecified,unspecified,Amiltone,5 An(s),CDI,False
3067685,https://candidat.pole-emploi.fr/offres/recherche/detail/3067685,2025-10-01,Offre d'emploi Ingénieur Data Scientist H/F - 83 - Sainte-Maxime - 3067685 | France Travail,83 - Sainte-Maxime,"POSTE : Ingénieur Data Scientist H/F
DESCRIPTION : Contexte
Au sein de la Direction des Opérations du territoire du Golfe de Saint-Tropez, vous accompagnez la création et intégrez une nouvelle entité consacrée à l'Analyse, au Reporting et à la Performance opérationnels.
Vos missions principales seront:
1/ Analyse des données relatives à la performance des réseaux de distribution eau potable
En concertation avec le service Consommateurs et avec le support des techniciens Performance de Réseau / instrumentistes IOT :
- collecter, structurer, surveiller la cohérence et qualifier les données issues : - des réseaux intelligents de distribution de l'eau potable, - des consommations télérelevées des clients - usagers du service,
- analyser (développer les outils / concevoir les algorithmes appropriés) pour détecter et localiser les anomalies (pertes d'eau, dysfonctionnements des compteurs d'eau ),
- orienter l'intervention des techniciens de terrain pour traiter les anomalies identifiées; L'objectif étant l'amélioration du rendement de réseau eau potable.
2/ Reporting interne et externe
- collecter (faciliter la production et organiser) les données produites par l'exploitation,
- qualifier / valider les données, détecter d'éventuelles anomalies,
- élaborer des reportings structurés et conformes aux attentes tant vis-a-vis de l'interne (les exploitants, la Direction) que de l'externe (le client Collectivité : la communauté de communes du Golfe de Saint-Tropez), L'objectif étant notamment d'assurer un reporting opérationnel au fil de l'eau avec le client Collectivité
3/ Performance
Outre le rendement de réseau, les autres activités opérationnelles du territoire requièrent analyse de données, production d'indicateurs et animation pour en améliorer la performance.
Chiffres clé:
- 60,000 clients du service équipés de compteurs d'eau télérelevés (plus de 500,000 habitants desservis en saison estivale),
- 5 usines de production d'eau potable (capacité de production totale 120,000 m3/j)
- 2 barrages dédiés à l'eau potable (capacités 8 millions et 160,000 m3)
- 16 millions de m3 distribués annuellement
- 5 usines de dépollution des eaux usées (capacité cumulée 180,000 équivalent-habitants)
- 1 installation de réutilisation des eaux usées traitées
- 115 postes de relèvement des eaux usées250 km de réseau de collecte des eaux usées
En tant qu'entreprise inclusive, Veolia s'engage pour la diversité et accorde la même considération à toutes les candidatures, sans discrimination.
Le poste est basé à sainte-Maxime et des facilités de logement sur le territoire proposées
Veolia vous propose 36 jours de congés payés et 5 jours de RTT, une mutuelle d'entreprise, un CSE avec des oeuvres sociales, la participation et l'intéressement.  
 Rémunération annuelle entre 40k euros brut et 47k euros brut.  Cette rémunération sera étudiée selon votre profil.  
 Nous vous proposons également des opportunités de formation et d'évolution au sein de l'entreprise, ainsi qu'un environnement de travail stimulant et des projets variés.
En tant qu'entreprise inclusive, Veolia s'engage pour la diversité et accorde la même considération à toutes les candidatures, sans discrimination.
PROFIL : Et Vous?
De formation ingénieur,  avec idéalement une spécialisation dans le big data, vous justifiez d'une expérience professionnelle réussie sur un poste similaire.
- Vous êtes rigoureux et  vous avez de bonnes capacités d'analyse et de synthèse,
- Vous avez le sens du collectif, de la pédagogie, des capacités de mise en forme et de communication,
- Vous savez vous intégrer dans une équipe pluri-disciplinaire et être à l'écoute tout en sachant imposer votre démarche dans des situations complexes.
- Vous êtes curieux et savez faire preuve d'initiatives,
Dans le cadre de votre fonction, vous devrez respecter les règles éthique et de conformité et les procédures applicables associées ainsi que les règles de sécurité.","
CDI

Contrat travail
",00H/semaine,40000.0,47000.0,Veolia eau,Expérience exigée,CDI,False
3064836,https://candidat.pole-emploi.fr/offres/recherche/detail/3064836,2025-09-30,Offre d'emploi Data scientist (H/F) - 75 - Paris 1er Arrondissement - 3064836 | France Travail,75 - Paris 1er Arrondissement,"En quelques motsCherry Pick est à la recherche d'un Data Scientist (H/F), pour le compte de l'un de ses clients qui opère dans le domaine de l'énergie .
Description? ContexteLe groupe accélère la production de solutions digitales pour ses activités dans le monde.
Dans ce cadre, la Data Factory recherche un Data Scientist expérimenté en LLM et IA Générative pour développer des solutions innovantes et industrielles autour de l?IA agentique et du traitement de données complexes.?? Missions & LivrablesExploration & PrototypageConcevoir et évaluer des approches IA agentique (LLM + outils/API + code).Expérimenter du fine-tuning ciblé (LoRA, autres techniques) sur données métiers.Comparer rigoureusement RAG / fine-tuning / multi-agents et frameworks (LangChain, LlamaIndex, CrewAI).
Conception & Développement
Créer des workflows avancés combinant RAG (connaissance), fine-tuning (style), agents (actions).
Explorer et mesurer la fiabilité des capacités de raisonnement (Chain-of-Thought, ReAct, etc.).
Produire des démonstrateurs fonctionnels et recommandations techniques.
Contributions transverses
Participer aux CoP (communautés de pratique) et rituels de squads.
Contribuer à la conception/maintenance d?outils et packages communs.
Challenger la vision de l?équipe et participer à la roadmap IA.","
Profession libérale

Emploi non salarié
",unspecified,unspecified,unspecified,Cherry pick,5 An(s),Profession libérale,False
3060287,https://candidat.pole-emploi.fr/offres/recherche/detail/3060287,2025-10-04,Offre d'emploi Data scientist (H/F) - France - 3060287 | France Travail,France,"MissionsConcevoir, mettre en ?uvre, tester et déployer des modèles de Machine Learning de bout en bout.
Améliorer les pratiques ML en explorant de nouvelles architectures, en intégrant des approches d?apprentissage par transfert et en optimisant la performance des modèles.
Contribuer à la mise en place de pratiques robustes de MLOps : versioning des modèles, suivi des expériences, automatisation des pipelines de déploiement en collaboration avec les ingénieurs.
Développer des pipelines de données et des processus d?ingénierie de fonctionnalités afin d?accroître l?efficacité et la précision des modèles, en partenariat avec l?ingénieur Machine Learning.
Compétences recherchéesExpérience confirmée dans la réalisation et la livraison de projets IA/Data.
Maîtrise des concepts fondamentaux en IA/ML/DL, statistiques, ainsi que des bibliothèques et frameworks open source associés.
Solide compréhension des approches multidisciplinaires de modélisation statistique et de machine learning (séries temporelles, NLP, IA générative).
Excellente maîtrise du langage Python et de son écosystème Data/ML.
Forte capacité analytique et aptitude à la résolution de problèmes complexes.
Connaissance pratique des pipelines Git et CI/CD.","
CDI

Contrat travail
",00H/semaine,unspecified,unspecified,Objectware management group,10 An(s),CDI,False
3086209,https://candidat.pole-emploi.fr/offres/recherche/detail/3086209,2025-10-02,Offre d'emploi Technicien Data Center (H/F) - 75 - Paris 1er Arrondissement - 3086209 | France Travail,75 - Paris 1er Arrondissement,"LTd est une agence de travail temporaire et un cabinet de recrutement spécialisé dans le domaine des Travaux Publics VRD, de la topographie, et des Télécoms riche de 20 ans d'expérience sur toute la France.
Le poste : 

Bonne rentrée 2025 à toutes et à tous ! Après la pause estivale, l'énergie revient et plein de nouvelles opportunités vous attendent pour démarrer cette nouvelle saison avec nous, dans une ambiance motivante et pleine de projets !
Nous recherchons pour l'un de nos clients, société spécialisée dans les Télécoms, un Technicien Data Center H/F.
En tant que Technicien Datacenter, vous jouerez un rôle clé dans la gestion et la maintenance des infrastructures critiques du site.
Supervision et maintenance :
- Contrôler et garantir le bon fonctionnement des infrastructures.
- Effectuer des rondes régulières pour prévenir les anomalies.
- Assurer la maintenance préventive des équipements.
Installation et configuration :
- Installer et racker les équipements (serveurs, dispositifs de stockage, etc.).
- Réaliser le câblage et connecter les équipements réseau et électriques.
- Configurer les dispositifs selon les besoins opérationnels.
Intervention et dépannage :
- Diagnostiquer les pannes matérielles ou liées à l'infrastructure.
- Effectuer les réparations ou remplacements nécessaires.
Gestion logistique et documentation :
- Gérer les stocks de matériel et veiller à leur disponibilité.
- Documenter les interventions et maintenir à jour les bases de données techniques.
- Mettre à jour les schémas et rapports d'infrastructure.
Conformité et sécurité :
- Appliquer les règles de sécurité spécifiques à l'environnement datacenter.
- Veiller au respect des normes techniques et des procédures internes.
Profil recherché : 

Profil recherché
Compétences techniques :
- Bonne connaissance des infrastructures datacenter (racks, serveurs, câblage).
- Maîtrise des outils de diagnostic et des procédures de maintenance.
- Gestion des câbles réseau et électriques.
Qualités organisationnelles :
- Capacité à gérer plusieurs tâches simultanément tout en respectant les priorités.
- Rigueur dans la documentation technique et les rapports d'intervention.
Savoir-être :
- Rigueur et organisation dans l'exécution des tâches.
- Réactivité et autonomie pour intervenir efficacement en cas d'incident.
- Esprit d'équipe et communication claire.
- Adaptabilité aux évolutions technologiques et contraintes opérationnelles.
Expérience : Minimum 2 ans sur un poste similaire.","
Intérim - 18 Mois

Contrat travail
",00H/semaine,unspecified,unspecified,Ltd,Expérience souhaitée,Intérim - 18 Mois,False
3086148,https://candidat.pole-emploi.fr/offres/recherche/detail/3086148,2025-10-02,Offre d'emploi Technicien Data Center (H/F) - 77 - Melun - 3086148 | France Travail,77 - Melun,"LTd est une agence de travail temporaire et un cabinet de recrutement spécialisé dans le domaine des Travaux Publics VRD, de la topographie, et des Télécoms riche de 20 ans d'expérience sur toute la France.
Le poste : 

Bonne rentrée 2025 à toutes et à tous ! Après la pause estivale, l'énergie revient et plein de nouvelles opportunités vous attendent pour démarrer cette nouvelle saison avec nous, dans une ambiance motivante et pleine de projets !
Nous recherchons pour l'un de nos clients, société spécialisée dans les Télécoms, un Technicien Data Center H/F.
En tant que Technicien Datacenter, vous jouerez un rôle clé dans la gestion et la maintenance des infrastructures critiques du site.
Supervision et maintenance :
- Contrôler et garantir le bon fonctionnement des infrastructures.
- Effectuer des rondes régulières pour prévenir les anomalies.
- Assurer la maintenance préventive des équipements.
Installation et configuration :
- Installer et racker les équipements (serveurs, dispositifs de stockage, etc.).
- Réaliser le câblage et connecter les équipements réseau et électriques.
- Configurer les dispositifs selon les besoins opérationnels.
Intervention et dépannage :
- Diagnostiquer les pannes matérielles ou liées à l'infrastructure.
- Effectuer les réparations ou remplacements nécessaires.
Gestion logistique et documentation :
- Gérer les stocks de matériel et veiller à leur disponibilité.
- Documenter les interventions et maintenir à jour les bases de données techniques.
- Mettre à jour les schémas et rapports d'infrastructure.
Conformité et sécurité :
- Appliquer les règles de sécurité spécifiques à l'environnement datacenter.
- Veiller au respect des normes techniques et des procédures internes.
Profil recherché : 

Profil recherché
Compétences techniques :
- Bonne connaissance des infrastructures datacenter (racks, serveurs, câblage).
- Maîtrise des outils de diagnostic et des procédures de maintenance.
- Gestion des câbles réseau et électriques.
Qualités organisationnelles :
- Capacité à gérer plusieurs tâches simultanément tout en respectant les priorités.
- Rigueur dans la documentation technique et les rapports d'intervention.
Savoir-être :
- Rigueur et organisation dans l'exécution des tâches.
- Réactivité et autonomie pour intervenir efficacement en cas d'incident.
- Esprit d'équipe et communication claire.
- Adaptabilité aux évolutions technologiques et contraintes opérationnelles.
Expérience : Minimum 2 ans sur un poste similaire.","
Intérim - 18 Mois

Contrat travail
",00H/semaine,unspecified,unspecified,Ltd,Expérience souhaitée,Intérim - 18 Mois,False
3085830,https://candidat.pole-emploi.fr/offres/recherche/detail/3085830,2025-10-02,Offre d'emploi Technicien Data Center (H/F) - 78 - Versailles - 3085830 | France Travail,78 - Versailles,"LTd est une agence de travail temporaire et un cabinet de recrutement spécialisé dans le domaine des Travaux Publics VRD, de la topographie, et des Télécoms riche de 20 ans d'expérience sur toute la France.
Le poste : 

Bonne rentrée 2025 à toutes et à tous ! Après la pause estivale, l'énergie revient et plein de nouvelles opportunités vous attendent pour démarrer cette nouvelle saison avec nous, dans une ambiance motivante et pleine de projets !
Nous recherchons pour l'un de nos clients, société spécialisée dans les Télécoms, un Technicien Data Center H/F.
En tant que Technicien Datacenter, vous jouerez un rôle clé dans la gestion et la maintenance des infrastructures critiques du site.
Supervision et maintenance :
- Contrôler et garantir le bon fonctionnement des infrastructures.
- Effectuer des rondes régulières pour prévenir les anomalies.
- Assurer la maintenance préventive des équipements.
Installation et configuration :
- Installer et racker les équipements (serveurs, dispositifs de stockage, etc.).
- Réaliser le câblage et connecter les équipements réseau et électriques.
- Configurer les dispositifs selon les besoins opérationnels.
Intervention et dépannage :
- Diagnostiquer les pannes matérielles ou liées à l'infrastructure.
- Effectuer les réparations ou remplacements nécessaires.
Gestion logistique et documentation :
- Gérer les stocks de matériel et veiller à leur disponibilité.
- Documenter les interventions et maintenir à jour les bases de données techniques.
- Mettre à jour les schémas et rapports d'infrastructure.
Conformité et sécurité :
- Appliquer les règles de sécurité spécifiques à l'environnement datacenter.
- Veiller au respect des normes techniques et des procédures internes.
Profil recherché : 

Profil recherché
Compétences techniques :
- Bonne connaissance des infrastructures datacenter (racks, serveurs, câblage).
- Maîtrise des outils de diagnostic et des procédures de maintenance.
- Gestion des câbles réseau et électriques.
Qualités organisationnelles :
- Capacité à gérer plusieurs tâches simultanément tout en respectant les priorités.
- Rigueur dans la documentation technique et les rapports d'intervention.
Savoir-être :
- Rigueur et organisation dans l'exécution des tâches.
- Réactivité et autonomie pour intervenir efficacement en cas d'incident.
- Esprit d'équipe et communication claire.
- Adaptabilité aux évolutions technologiques et contraintes opérationnelles.
Expérience : Minimum 2 ans sur un poste similaire.","
Intérim - 18 Mois

Contrat travail
",00H/semaine,unspecified,unspecified,Ltd,Expérience souhaitée,Intérim - 18 Mois,False
3085516,https://candidat.pole-emploi.fr/offres/recherche/detail/3085516,2025-10-02,Offre d'emploi Technicien Data Center (H/F) - 93 - Bobigny - 3085516 | France Travail,93 - Bobigny,"LTd est une agence de travail temporaire et un cabinet de recrutement spécialisé dans le domaine des Travaux Publics VRD, de la topographie, et des Télécoms riche de 20 ans d'expérience sur toute la France.
Le poste : 

Bonne rentrée 2025 à toutes et à tous ! Après la pause estivale, l'énergie revient et plein de nouvelles opportunités vous attendent pour démarrer cette nouvelle saison avec nous, dans une ambiance motivante et pleine de projets !
Nous recherchons pour l'un de nos clients, société spécialisée dans les Télécoms, un Technicien Data Center H/F.
En tant que Technicien Datacenter, vous jouerez un rôle clé dans la gestion et la maintenance des infrastructures critiques du site.
Supervision et maintenance :
- Contrôler et garantir le bon fonctionnement des infrastructures.
- Effectuer des rondes régulières pour prévenir les anomalies.
- Assurer la maintenance préventive des équipements.
Installation et configuration :
- Installer et racker les équipements (serveurs, dispositifs de stockage, etc.).
- Réaliser le câblage et connecter les équipements réseau et électriques.
- Configurer les dispositifs selon les besoins opérationnels.
Intervention et dépannage :
- Diagnostiquer les pannes matérielles ou liées à l'infrastructure.
- Effectuer les réparations ou remplacements nécessaires.
Gestion logistique et documentation :
- Gérer les stocks de matériel et veiller à leur disponibilité.
- Documenter les interventions et maintenir à jour les bases de données techniques.
- Mettre à jour les schémas et rapports d'infrastructure.
Conformité et sécurité :
- Appliquer les règles de sécurité spécifiques à l'environnement datacenter.
- Veiller au respect des normes techniques et des procédures internes.
Profil recherché : 

Profil recherché
Compétences techniques :
- Bonne connaissance des infrastructures datacenter (racks, serveurs, câblage).
- Maîtrise des outils de diagnostic et des procédures de maintenance.
- Gestion des câbles réseau et électriques.
Qualités organisationnelles :
- Capacité à gérer plusieurs tâches simultanément tout en respectant les priorités.
- Rigueur dans la documentation technique et les rapports d'intervention.
Savoir-être :
- Rigueur et organisation dans l'exécution des tâches.
- Réactivité et autonomie pour intervenir efficacement en cas d'incident.
- Esprit d'équipe et communication claire.
- Adaptabilité aux évolutions technologiques et contraintes opérationnelles.
Expérience : Minimum 2 ans sur un poste similaire.","
Intérim - 18 Mois

Contrat travail
",00H/semaine,unspecified,unspecified,Ltd,Expérience souhaitée,Intérim - 18 Mois,False
3084964,https://candidat.pole-emploi.fr/offres/recherche/detail/3084964,2025-10-02,Offre d'emploi Technicien Data Center (H/F) - 91 - Évry-Courcouronnes - 3084964 | France Travail,91 - Évry-Courcouronnes,"LTd est une agence de travail temporaire et un cabinet de recrutement spécialisé dans le domaine des Travaux Publics VRD, de la topographie, et des Télécoms riche de 20 ans d'expérience sur toute la France.
Le poste : 

Bonne rentrée 2025 à toutes et à tous ! Après la pause estivale, l'énergie revient et plein de nouvelles opportunités vous attendent pour démarrer cette nouvelle saison avec nous, dans une ambiance motivante et pleine de projets !
Nous recherchons pour l'un de nos clients, société spécialisée dans les Télécoms, un Technicien Data Center H/F.
En tant que Technicien Datacenter, vous jouerez un rôle clé dans la gestion et la maintenance des infrastructures critiques du site.
Supervision et maintenance :
- Contrôler et garantir le bon fonctionnement des infrastructures.
- Effectuer des rondes régulières pour prévenir les anomalies.
- Assurer la maintenance préventive des équipements.
Installation et configuration :
- Installer et racker les équipements (serveurs, dispositifs de stockage, etc.).
- Réaliser le câblage et connecter les équipements réseau et électriques.
- Configurer les dispositifs selon les besoins opérationnels.
Intervention et dépannage :
- Diagnostiquer les pannes matérielles ou liées à l'infrastructure.
- Effectuer les réparations ou remplacements nécessaires.
Gestion logistique et documentation :
- Gérer les stocks de matériel et veiller à leur disponibilité.
- Documenter les interventions et maintenir à jour les bases de données techniques.
- Mettre à jour les schémas et rapports d'infrastructure.
Conformité et sécurité :
- Appliquer les règles de sécurité spécifiques à l'environnement datacenter.
- Veiller au respect des normes techniques et des procédures internes.
Profil recherché : 

Profil recherché
Compétences techniques :
- Bonne connaissance des infrastructures datacenter (racks, serveurs, câblage).
- Maîtrise des outils de diagnostic et des procédures de maintenance.
- Gestion des câbles réseau et électriques.
Qualités organisationnelles :
- Capacité à gérer plusieurs tâches simultanément tout en respectant les priorités.
- Rigueur dans la documentation technique et les rapports d'intervention.
Savoir-être :
- Rigueur et organisation dans l'exécution des tâches.
- Réactivité et autonomie pour intervenir efficacement en cas d'incident.
- Esprit d'équipe et communication claire.
- Adaptabilité aux évolutions technologiques et contraintes opérationnelles.
Expérience : Minimum 2 ans sur un poste similaire.","
Intérim - 18 Mois

Contrat travail
",00H/semaine,unspecified,unspecified,Ltd,Expérience souhaitée,Intérim - 18 Mois,False
3084472,https://candidat.pole-emploi.fr/offres/recherche/detail/3084472,2025-10-02,Offre d'emploi Technicien Data Center (H/F) - 94 - Créteil - 3084472 | France Travail,94 - Créteil,"LTd est une agence de travail temporaire et un cabinet de recrutement spécialisé dans le domaine des Travaux Publics VRD, de la topographie, et des Télécoms riche de 20 ans d'expérience sur toute la France.
Le poste : 

Bonne rentrée 2025 à toutes et à tous ! Après la pause estivale, l'énergie revient et plein de nouvelles opportunités vous attendent pour démarrer cette nouvelle saison avec nous, dans une ambiance motivante et pleine de projets !
Nous recherchons pour l'un de nos clients, société spécialisée dans les Télécoms, un Technicien Data Center H/F.
En tant que Technicien Datacenter, vous jouerez un rôle clé dans la gestion et la maintenance des infrastructures critiques du site.
Supervision et maintenance :
- Contrôler et garantir le bon fonctionnement des infrastructures.
- Effectuer des rondes régulières pour prévenir les anomalies.
- Assurer la maintenance préventive des équipements.
Installation et configuration :
- Installer et racker les équipements (serveurs, dispositifs de stockage, etc.).
- Réaliser le câblage et connecter les équipements réseau et électriques.
- Configurer les dispositifs selon les besoins opérationnels.
Intervention et dépannage :
- Diagnostiquer les pannes matérielles ou liées à l'infrastructure.
- Effectuer les réparations ou remplacements nécessaires.
Gestion logistique et documentation :
- Gérer les stocks de matériel et veiller à leur disponibilité.
- Documenter les interventions et maintenir à jour les bases de données techniques.
- Mettre à jour les schémas et rapports d'infrastructure.
Conformité et sécurité :
- Appliquer les règles de sécurité spécifiques à l'environnement datacenter.
- Veiller au respect des normes techniques et des procédures internes.
Profil recherché : 

Profil recherché
Compétences techniques :
- Bonne connaissance des infrastructures datacenter (racks, serveurs, câblage).
- Maîtrise des outils de diagnostic et des procédures de maintenance.
- Gestion des câbles réseau et électriques.
Qualités organisationnelles :
- Capacité à gérer plusieurs tâches simultanément tout en respectant les priorités.
- Rigueur dans la documentation technique et les rapports d'intervention.
Savoir-être :
- Rigueur et organisation dans l'exécution des tâches.
- Réactivité et autonomie pour intervenir efficacement en cas d'incident.
- Esprit d'équipe et communication claire.
- Adaptabilité aux évolutions technologiques et contraintes opérationnelles.
Expérience : Minimum 2 ans sur un poste similaire.","
Intérim - 18 Mois

Contrat travail
",00H/semaine,unspecified,unspecified,Ltd,Expérience souhaitée,Intérim - 18 Mois,False
3084409,https://candidat.pole-emploi.fr/offres/recherche/detail/3084409,2025-10-02,Offre d'emploi Technicien Data Center (H/F) - 95 - Pontoise - 3084409 | France Travail,95 - Pontoise,"LTd est une agence de travail temporaire et un cabinet de recrutement spécialisé dans le domaine des Travaux Publics VRD, de la topographie, et des Télécoms riche de 20 ans d'expérience sur toute la France.
Le poste : 

Bonne rentrée 2025 à toutes et à tous ! Après la pause estivale, l'énergie revient et plein de nouvelles opportunités vous attendent pour démarrer cette nouvelle saison avec nous, dans une ambiance motivante et pleine de projets !
Nous recherchons pour l'un de nos clients, société spécialisée dans les Télécoms, un Technicien Data Center H/F.
En tant que Technicien Datacenter, vous jouerez un rôle clé dans la gestion et la maintenance des infrastructures critiques du site.
Supervision et maintenance :
- Contrôler et garantir le bon fonctionnement des infrastructures.
- Effectuer des rondes régulières pour prévenir les anomalies.
- Assurer la maintenance préventive des équipements.
Installation et configuration :
- Installer et racker les équipements (serveurs, dispositifs de stockage, etc.).
- Réaliser le câblage et connecter les équipements réseau et électriques.
- Configurer les dispositifs selon les besoins opérationnels.
Intervention et dépannage :
- Diagnostiquer les pannes matérielles ou liées à l'infrastructure.
- Effectuer les réparations ou remplacements nécessaires.
Gestion logistique et documentation :
- Gérer les stocks de matériel et veiller à leur disponibilité.
- Documenter les interventions et maintenir à jour les bases de données techniques.
- Mettre à jour les schémas et rapports d'infrastructure.
Conformité et sécurité :
- Appliquer les règles de sécurité spécifiques à l'environnement datacenter.
- Veiller au respect des normes techniques et des procédures internes.
Profil recherché : 

Profil recherché
Compétences techniques :
- Bonne connaissance des infrastructures datacenter (racks, serveurs, câblage).
- Maîtrise des outils de diagnostic et des procédures de maintenance.
- Gestion des câbles réseau et électriques.
Qualités organisationnelles :
- Capacité à gérer plusieurs tâches simultanément tout en respectant les priorités.
- Rigueur dans la documentation technique et les rapports d'intervention.
Savoir-être :
- Rigueur et organisation dans l'exécution des tâches.
- Réactivité et autonomie pour intervenir efficacement en cas d'incident.
- Esprit d'équipe et communication claire.
- Adaptabilité aux évolutions technologiques et contraintes opérationnelles.
Expérience : Minimum 2 ans sur un poste similaire.","
Intérim - 18 Mois

Contrat travail
",00H/semaine,unspecified,unspecified,Ltd,Expérience souhaitée,Intérim - 18 Mois,False
3084216,https://candidat.pole-emploi.fr/offres/recherche/detail/3084216,2025-10-02,Offre d'emploi Technicien Data Center (H/F) - 92 - Nanterre - 3084216 | France Travail,92 - Nanterre,"LTd est une agence de travail temporaire et un cabinet de recrutement spécialisé dans le domaine des Travaux Publics VRD, de la topographie, et des Télécoms riche de 20 ans d'expérience sur toute la France.
Le poste : 

Bonne rentrée 2025 à toutes et à tous ! Après la pause estivale, l'énergie revient et plein de nouvelles opportunités vous attendent pour démarrer cette nouvelle saison avec nous, dans une ambiance motivante et pleine de projets !
Nous recherchons pour l'un de nos clients, société spécialisée dans les Télécoms, un Technicien Data Center H/F.
En tant que Technicien Datacenter, vous jouerez un rôle clé dans la gestion et la maintenance des infrastructures critiques du site.
Supervision et maintenance :
- Contrôler et garantir le bon fonctionnement des infrastructures.
- Effectuer des rondes régulières pour prévenir les anomalies.
- Assurer la maintenance préventive des équipements.
Installation et configuration :
- Installer et racker les équipements (serveurs, dispositifs de stockage, etc.).
- Réaliser le câblage et connecter les équipements réseau et électriques.
- Configurer les dispositifs selon les besoins opérationnels.
Intervention et dépannage :
- Diagnostiquer les pannes matérielles ou liées à l'infrastructure.
- Effectuer les réparations ou remplacements nécessaires.
Gestion logistique et documentation :
- Gérer les stocks de matériel et veiller à leur disponibilité.
- Documenter les interventions et maintenir à jour les bases de données techniques.
- Mettre à jour les schémas et rapports d'infrastructure.
Conformité et sécurité :
- Appliquer les règles de sécurité spécifiques à l'environnement datacenter.
- Veiller au respect des normes techniques et des procédures internes.
Profil recherché : 

Profil recherché
Compétences techniques :
- Bonne connaissance des infrastructures datacenter (racks, serveurs, câblage).
- Maîtrise des outils de diagnostic et des procédures de maintenance.
- Gestion des câbles réseau et électriques.
Qualités organisationnelles :
- Capacité à gérer plusieurs tâches simultanément tout en respectant les priorités.
- Rigueur dans la documentation technique et les rapports d'intervention.
Savoir-être :
- Rigueur et organisation dans l'exécution des tâches.
- Réactivité et autonomie pour intervenir efficacement en cas d'incident.
- Esprit d'équipe et communication claire.
- Adaptabilité aux évolutions technologiques et contraintes opérationnelles.
Expérience : Minimum 2 ans sur un poste similaire.","
Intérim - 18 Mois

Contrat travail
",00H/semaine,unspecified,unspecified,Ltd,Expérience souhaitée,Intérim - 18 Mois,False
198LMXP,https://candidat.pole-emploi.fr/offres/recherche/detail/198LMXP,2025-09-30,Offre d'emploi Data Scientist H/F (H/F) - 69 - VILLEURBANNE - 198LMXP | France Travail,69 - VILLEURBANNE,"Qui sommes-nous ?

Nous sommes passionnés par les nouvelles technologies, et vous ?
Rejoindre Amiltone, c'est intégrer des équipes dynamiques et soudées dans le cadre de projets novateurs et
ambitieux. Nous relevons les challenges techniques de nos clients et les accompagnons dans leur transformation
digitale.

Pourquoi choisir Amiltone ?

Amiltone, plus qu'une entreprise, un état d'esprit ! Notre objectif ? Votre épanouissement professionnel !
Nous avons à cœur de :
Vous accompagner au mieux au travers d'un suivi personnalisé
Vous faire monter en compétences en vous proposant des formations tout au long de votre carrière
Comprendre vos besoins et respecter nos engagements
Vous proposer des missions de qualité avec des technologies innovantes
Cultiver votre potentiel grâce à notre programme de développement personnel Addvise
Votre bien-être passe aussi par des activités extraprofessionnelles, c'est pourquoi nous vous proposons des séances
sportives animées par nos coachs, soirées pour se retrouver et animations (à l'agence ou en visio), Gaming nights...

Vos missions ?

Intégré à nos équipes sur nos projets au forfait ou chez nos clients, vous interviendrez sur un projet de Data Scientist.
En tant que Data Scientist (H/F), vous assurez les missions suivantes :

- Conception d'un modèle prédictif
- Migration et centralisation des données vers une base de données
centralisée sous SQL Server
- Conception et déploiement d'un processus complet d'analyse de données
avec Power BI et Snowflake
- Intégration de contrôles de qualité des données 
- Optimiser les flux existants
- Contrôler la qualité des données
- Analyser les incidents de production et apporter des solutions

La stack technique :
- SQL
- Power BI
- Snowflake
- Kafka

Alors ? Prêt à devenir Amiltonien ?

N'hésitez pas à postuler si vous vous reconnaissez :
 - Diplômé d'un bac+5 (master en data), vous avez au moins 2 ans d'expérience en tant que Data Scientist.
- Vous aimez découvrir de nouveaux contextes fonctionnels et comprendre les objectifs des applications que vous développez.
- A l'aise dans une organisation agile et dans un contexte anglophone, vous faites preuve de rigueur.

Outre vos compétences techniques, nous nous intéressons également à votre potentiel et votre motivation.

Nos postes sont ouverts aux personnes en situation de handicap.","
CDI

Contrat travail
","35H/semaine
Travail en journée",30000.0,40000.0,Amiltone,2 An(s),CDI,False
3010279,https://candidat.pole-emploi.fr/offres/recherche/detail/3010279,2025-10-01,"Offre d'emploi Senior Data Scientist F/H - Système, réseaux, données (H/F) - 69 - Lyon 1er Arrondissement - 3010279 | France Travail",69 - Lyon 1er Arrondissement,"Descriptif du poste:

À propos de l'entreprise
Notre partenaire est une entreprise innovante qui développe ses propres solutions digitales et investit fortement dans l'Intelligence Artificielle et le MLOps.
Dans une logique de croissance et d'innovation continue, l'équipe Data Science, actuellement composée de 2 personnes, se renforce avec le recrutement d'un Data Scientist Expérimenté.
Ici, pas de stack imposée : les choix techniques se font en fonction du sens métier et de l'innovation, avec une grande autonomie laissée à l'équipe.
Vos missions
En tant que Data Scientist Expérimenté. vous jouerez un rôle clé dans la conception et le déploiement de solutions d'IA appliquées au secteur de l'entreprise. Vos principales responsabilités incluront :
* Développer et industrialiser des modèles de Data Science et d'IA, du POC jusqu'à la mise en production.
* Construire et fiabiliser des pipelines de données et workflows complexes (Airflow, DBT, Kubernetes).
* Valoriser les données existantes en apportant des cas d'usage métiers concrets.
* Participer à des projets stratégiques de R&D (RAG, IA appliquée, innovation autour des données).
* Collaborer étroitement avec les équipes Produit, Métiers et R&D.
* Contribuer à la dynamique de l'équipe par vos propositions, votre curiosité et votre esprit d'innovation.
* Encadrer ou accompagner ponctuellement des collaborateurs moins expérimentés.

Profil recherché:

 
* Formation : Bac+5 (école d'ingénieur, université ou équivalent) avec une spécialisation en Data Science, IA ou Machine Learning.
* Expérience : au moins 5 ans en Data Science avec des réalisations concrètes en mise en production de modèles et en construction de pipelines.
* Compétences techniques :
* Data Science / IA : modélisation, mise en production, R&D appliquée.
* Data Engineering : orchestration et pipelines (Airflow, DBT, Kubernetes, ou équivalents).
* Bonne culture cloud et DevOps appréciée.
* Soft skills : autonomie, curiosité, capacité à proposer et à innover, bonnes aptitudes de communication et de collaboration.
Pourquoi rejoindre cette entreprise ?
* Une équipe à taille humaine, souveraine dans ses choix techniques.
* Un environnement stimulant où curiosité, innovation et impact métier sont au cœur des projets.
* L'opportunité de contribuer à la construction d'une IA sectorielle unique.
* Des projets variés alliant exploitation opérationnelle et R&D de pointe.
Candidatures confidentielles","
CDI

Contrat travail
",00H/semaine,unspecified,unspecified,Tenth revolution group,5 An(s),CDI,False
3006982,https://candidat.pole-emploi.fr/offres/recherche/detail/3006982,2025-10-01,"Offre d'emploi Data Scientist - F/H - Système, réseaux, données (H/F) - 75 - Paris 1er Arrondissement - 3006982 | France Travail",75 - Paris 1er Arrondissement,"Descriptif du poste:

Description de l'entreprise
Acteur majeur de la scène financière européenne et mondiale, le Groupe BNP Paribas a pour mission de contribuer à une économie responsable et durable en finançant et en conseillant ses clients de manière éthique.
La  de BNP Paribas s'appuie sur une organisation solide : plus de 46 000 collaborateurs dans le monde répartis dans 55 pays. Elle s'appuie également sur des équipements robustes au service des activités et des clients du Groupe : c'est près de 35 000 m² de data centers et 160 000 serveurs.
Au sein d'IT GROUP, nous définissons et déployons la stratégie informatique du Groupe à l'échelle mondiale et assurons la cohérence globale de notre système d'information.
Intégrer l'IT du Groupe BNP Paribas, c'est être au cœur de la stratégie de transformation technologique et digitale du Groupe, au travers notamment du déploiement de projets transverses majeurs, tels que le Cloud, les APIs, l'architecture, la data et la cybersécurité. C'est aussi, plus de 40 métiers, en perpétuelle évolution. La gamme des métiers exercés au sein de nos équipes est large. Et les passerelles sont multiples.
Vous collaborerez avec les équipes des différents départements mais aussi avec les équipes IT des Métiers de la Banque, en France et/ou à l'international.
Un parcours d'intégration vous accompagnera dans les trois premiers mois de votre arrivée et vous aurez accès aux sessions de formation techniques et méthodologiques de l'IT du Groupe pour améliorer continuellement vos compétences.

Profil recherché:

Missions
Au quotidien, ça donne quoi ?    
 
Pour assurer ses ambitions sur la transformation de toutes ses activités par l'IA, le Head Office du pôle Investment & Protection Services (IPS) renforce son équipe Data&AI, et recrute un profil qui sera hiérarchiquement rattaché au pôle, et opérationnellement détaché au plus près des métiers.
 
 Vos principaux objectifs : 
-    Accélérer l'adoption des projets IA dans les métiers du pôle ; en contribuant à l'usage des solutions IA du Group et au développement de solutions IA génériques pour le bénéfice des entités du Groupe et du pôle IPS.
-  de cette mission au sein d'un métier IPS, vous aurez l'opportunité et de vous attaquer à de nouveaux défis au sein d'autres métiers du pôle, en partageant votre expertise et en renforçant l'ADN du pôle IPS.
 
Votre première mission opérationnelle se déroulera au sein de l'équipe CX, Digital, Data & AI du Head Office de l'entité Wealth Management, qui renforce sa récente équipe IA pour répondre à l'ampleur croissante des usages de l'IA dans ses activités.
 
Le métier Wealth Management du groupe BNP PARIBAS est une banque privée mondialement reconnue et structurées selon 2 principaux modèles : ¯
 
-    Wealth Management CPBS et International Retail Markets (IRM), avec un modèle spécifique dans lequel les banques privées au niveau national sont soutenues par les banques de détail internationales et nationales de BNPP.
-    Wealth Management Global Asian and International Markets (GAIM), est composé d'une approche et d'une offre internationales, largement basées sur les sites de booking clients et leurs plateformes IT dédiées.
 ","
CDI

Contrat travail
",00H/semaine,unspecified,unspecified,Carrevolutis,Débutant accepté,CDI,True
3042335,https://candidat.pole-emploi.fr/offres/recherche/detail/3042335,2025-09-29,Offre d'emploi Data Analyst (H/F) - 75 - Paris 15e Arrondissement - 3042335 | France Travail,75 - Paris 15e Arrondissement,"Fed IT, cabinet entièrement dédié aux recrutements spécialisés sur les métiers de l'informatique (Infra, Data, Développement, MOA, MOE, Management), recherche pour un de ses clients dans le secteur de la santé basé à Paris, un ou une : Data Analyst (H/F). Le poste est à pourvoir dans le cadre d'un CDI chez le client final.

La structure est spécialisée dans le secteur de la santé.

Au sein d'une équipe de Reporting rattaché à la Direction Pilotage Conformité Risques et juridique, vous aurez la charge de de la réalisation des Reporting et des tableaux de bord pour les clients internes et externes de la structure. A ce titre, vos principales missions seront :
- Accompagner les métiers dans la rédaction d'une expression des besoins (reporting ou rapports) ;
- Collecter (via requêtage SQL) et analyser les données relatives aux plateformes digitales de l'entreprise (application métier, KPI's métiers, ), structurer les données brutes afin de formaliser les indicateurs à restituer ;
- Garantir la fiabilité et la qualité des données et s'assurer du bon affichage de ces dernières en coordination avec les autres parties prenantes ;
- Concevoir et mettre en place des tableaux de bord et des rapports détaillés (PowerBI) pour présenter les résultats des performances des plateformes digitales lors de réunions mensuelles ;
- Structurer un DataSet, rédiger la matrice décrivant les indicateurs et les axes d'analyses, réaliser le maquettage du reporting ;
- Identifier les opportunités d'amélioration des performances des plateformes digitales et recommander des actions pour y parvenir ;
- Travailler en collaboration avec les équipes pour améliorer la qualité et la pertinence des données collectées et s'assurer de leur conformité avec les règlementations en vigueur (RGPD) ;
- Rester au courant des tendances et des innovations dans le domaine du digital...

Diplômé d'une formation supérieure en informatique (Bac+5 dans l'idéal), vous disposez d'une expérience de 3 années minimum sur un poste similaire.
Vous avez également des connaissances en gestion de projet et vous avez pu mener à bien des projets informatiques dans différents environnements.
Une excellente communication, un sens du service éprouvé, ainsi qu'une réelle appétence à travailler en équipe seront vos atouts majeurs pour réussir à ce poste.
Stack Technique : expertise sur PowerBI, connaissance de Microsoft Fabric, compréhension du SQL (requêtage), connaissance du CRM Microsoft Dynamics (Dataverse).

Localisation : Paris Rémunération : 42-47 K + Package","
CDI

Contrat travail
",00H/semaine,unspecified,unspecified,Unspecified,Débutant accepté,CDI,True
3015371,https://candidat.pole-emploi.fr/offres/recherche/detail/3015371,2025-09-29,Offre d'emploi Responsable Data Bi H/F - 91 - Massy - 3015371 | France Travail,91 - Massy,"POSTE : Responsable Data Bi H/F
DESCRIPTION : Nos atouts pour y parvenir ?
Un réseau multi-formats, multi métiers avec des collaborateurs passionnés, qui s'engagent, pour réussir la transition alimentaire pour tous.
Carrefour recherche pour sa Direction Analyse de la Performance un(e) :
Responsable Tech ADP (EPM, Data & BI) (F/H)
Vos Missions
Gestion et coordination de l'équipe Tech de l'ADP Factory :
- Superviser, coordonner et animer les équipes Tech de la FP&A Factory (EPM, BI, Data).
- Assurer la montée en compétences de l'équipe : par des formations et des accompagnements réguliers.
- Fixer les objectifs individuels et collectifs et évaluer les performances.
Pilotage des outils EPM et Reporting BI/Datawiz :
- Garantir le bon fonctionnement et l'optimisation des outils de gestion de la performance (EPM) et des outils de reporting du contrôle de gestion.
- Collaborer avec les équipes Data et IT pour l'intégration et la maintenance des systèmes.
- Assurer la mise à jour et l'évolution des outils en fonction des besoins de la direction Contrôle De Gestion.
Collaboration inter-équipes :
- Travailler en étroite collaboration avec les responsables de l'équipe Lean pour intégrer les principes Lean dans les processus de gestion de la performance.
- Coordonner avec les process leaders pour assurer l'alignement des outils EPM et Reporting avec les processus opérationnels.
- Collaborer avec le service corporate finance pour garantir la cohérence et l'exactitude des données financières dans les systèmes de reporting.
Co pilotage avec les équipes Tech externes :
- Relation avec les éditeurs des solutions.
- Relation intégrateurs des solutions.
Support et accompagnement des utilisateurs :
- Fournir un support technique et fonctionnel aux utilisateurs des outils EPM et de Reporting BI.
- Organiser des sessions de formation et de sensibilisation pour les K-users et end-users.
- Répondre aux demandes et résoudre les problèmes techniques rencontrés par les utilisateurs à travers de la solution interne CARE.
- Escalader vers la TMA et suit la résolution des tickets complexes dans JIRA.
Analyse et amélioration continue :
- Analyser les processus existants et proposer des améliorations pour optimiser les performances.
- Mettre en place des indicateurs de performance et des tableaux de bord pour suivre l'efficacité des outils.
- Participer aux projets de transformation digitale de la direction Contrôle De Gestion.
PROFIL : Votre profil
- Compétences démontrées en informatique, gestion, finance (Diplôme ou expérience équivalente).
- Expérience significative en gestion d'équipe.
- Capacité à innover et à proposer des solutions adaptées aux besoins de l'entreprise.
Techniques :
- Maîtrise des outils EPM (Enterprise Performance Management) ex : Board, PBCS, Pigment.
- Maîtrise des outils de Business Intelligence (BI : Tableau, Qlik Sense, SAP BusinessObjects) et de Data Visualisation (Dataviz : Google Data Studio et Looker).
- Connaissance des bases de données relationnelles et des outils d'analyse de données dans les Big Data (ex Google BigQuery, Google Cloud Plateform).
- Compétences en gestion de projet et en méthodologies semi/agiles.
- Connaissance de l'ERP : SAP.
- Connaissance et volonté d'intégrer des solutions d'Intelligence Artificielle (IA) dans les processus d'analyse de données et de reporting (ex : Machine Learning, NLP).
Relationnelles (Soft Skills) :
- Aimer travailler dans un environnement complexe, mouvant et exigeant.
- Capacité à travailler en équipe et à collaborer avec des équipes pluridisciplinaires.
- Excellentes compétences en communication et en pédagogie.
- Aptitude à gérer les priorités et à travailler sous pression.
- Leadership : Capacité à inspirer et à motiver une équipe d'experts.
- Collaboration : Aptitude à travailler efficacement avec des équipes multidisciplinaires.
- Résolution de Problèmes : Capacité à identifier rapidement les problèmes et à proposer des solutions innovantes.
- Adaptabilité : Flexibilité pour s'adapter aux changements et aux nouvelles technologies.
- Empathie : Compréhension et soutien des besoins des membres de l'équipe et des utilisateurs.
Informations complémentaires :
- Lieu : Massy, gare RER B et RER C.
- Intéressement et participation.
- Possibilité de bénéficier de 2 jours de télétravail après 6 mois d'ancienneté.
- Mutuelle/prévoyance.
- Remboursement des frais de transport à hauteur de 50%.
- 10% de remise sur achats avec la carte Pass.
- Vous aurez accès aux infrastructures du campus (salle de sport, crèche, plusieurs options de restauration au sein du siège avec participation","
CDI

Contrat travail
",00H/semaine,unspecified,unspecified,Carrefour,Expérience exigée,CDI,False
3031790,https://candidat.pole-emploi.fr/offres/recherche/detail/3031790,2025-09-29,Offre d'emploi MLOps - Finops H/F - 33 - Bordeaux - 3031790 | France Travail,33 - Bordeaux,"POSTE : MLOps - Finops H/F
DESCRIPTION : Nous recherchons pour l'un de nos clients un Ingenieur MLOPS/FINOPS
Vos missions seront les suivantes :
- Mise à disposition d'outillages d'aide aux développement IA, monitoring
- Participer au déploiement de la démarche MLOps,
- Mise en place de la plateforme IA
- Automatisation des process de déploiement autour de l'IA
- Proposer des architectures techniques en mettant en oeuvre les principes de l'Agilité, d'intégration et de déploiement continu, en anticipant les besoins de scalabilité,
- Contribuer à la réduction des coûts dans une démarche FinOps,
- Faire une veille technologique autour des architectures data et IA
Chez Wemoov, nous avons à coeur de garder un esprit familial. En tant que Wemoovien, voici ce qui t'attend :  
  
- Tu bénéficieras d'un accompagnement personnalisé et d'un réel suivi au quotidien.  
- Tu auras le choix de tes missions afin que tu puisses évoluer dans un environnement stimulant en adéquation avec tes compétences et tes envies professionnelles  
- Tu es force de proposition ? ça tombe bien, nous cherchons de véritables ambassadeurs pour animer nos événements (Meet-up, démos, et bien-sûr Afterworks !).  
  
Et bien évidemment, parce que oui c'est important :  
  
- Mutuelle et prévoyance : Tu bénéficieras de nos contrats « mutuelle » et « prévoyance ». Nous prenons la mutuelle en charge à 50%  
- Intéressement : Tu bénéficieras d'une prime d'intéressement qui permettra de faire profiter nos salariés des bénéfices de l'entreprise !  
- Tickets Restaurants : En plus de ton salaire, tu bénéficies d'une carte Ticket Restaurant SWILE.  
- Offre CE : Avec la carte SWILE, tu as accès à une offre CE avec de nombreux avantages et réductions / bons plans chez plusieurs enseignes.  
- Transport : Prise en charge à 50% de ton abonnement aux transports en commun  
- Formation : La politique RH de Wemoov permet de former chaque année un nombre important de collaborateurs en fonction des besoins de ses clients.  
  
Tu l'auras compris, le respect, la proximité et l'honnêteté sont les valeurs qui nous animent
PROFIL : De formation Bac +3 à Bac +5, vous bénéficiez de5 ans d'expérience minimum sur un poste équivalent.
Compétences obligatoires :
IA/Python/Azur/Docker/Kubernetes","
CDI

Contrat travail
",00H/semaine,unspecified,unspecified,Wemoov,Expérience exigée,CDI,False
3031532,https://candidat.pole-emploi.fr/offres/recherche/detail/3031532,2025-09-29,Offre d'emploi Spécialiste Donnée IA et Llm H/F - 75 - Paris 1er Arrondissement - 3031532 | France Travail,75 - Paris 1er Arrondissement,"POSTE : Spécialiste Donnée IA et Llm H/F
DESCRIPTION : Principales responsabilités :
1. Leadership technique
- Piloter la vision technique et les standards de l'IA
- Définir et partager des solutions techniques innovantes, des meilleures pratiques et des normes d'ingénierie.
- Guider les équipes sur les décisions stratégiques et l'architecture produit.
- Favoriser une culture d'innovation et des solutions d'IA évolutives.
- Encourager l'adoption de nouvelles technologies et méthodologies.
2. Expertise en IA / LLM
- Concevoir et déployer des solutions avancées d'IA et de recherche.
- Spécialisé en LLM (Large Language Models) et en optimisation de l'IA.
- Améliorez les performances du système/modèle à l'aide d'outils internes ou open source.
3. Collaboration des parties prenantes et promotion des services
- Collaborer avec les parties prenantes internes/externes pour comprendre les besoins et proposer des solutions adaptées.
- Fournir des mises à jour régulières sur l'avancement du projet et les résultats techniques.
- Défendre les capacités et les réalisations de DAI.
PROFIL : Exigences:
- Expérience : Minimum 2 ans dans un rôle similaire.
- Formation : Master (Bac +5) en Informatique, Data Management ou Data Science.
Compétences techniques :
- Forte maîtrise de l'IA et du LLM.
- Nuage : GCP et Azure.
- Langages : Java/JEE, JavaScript, Python, API, Procédures stockées, Naturel.
- Cadres : Spring MVC, Spring Security, Spring Batch.
- Outils : Tomcat, Bash, Terraform, GitLab CI/CD.Open source : Flowise , N8N, Chroma, Qdrant , Langfuse , Lite LLM Proxy.
Compétences générales :
- Solides capacités de résolution de problèmes et de prise de décision.
- Analytique, fiable et soucieux du détail .
- Collaboratif avec d'excellentes compétences en communication et en relations interpersonnelles.","
CDI

Contrat travail
",00H/semaine,unspecified,unspecified,Talent pool,Expérience exigée,CDI,False
3000224,https://candidat.pole-emploi.fr/offres/recherche/detail/3000224,2025-09-28,Offre d'emploi Ingénieur(e) Data Scientist confirmé(e) - Industrie - Toulouse (H/F) - 31 - Toulouse - 3000224 | France Travail,31 - Toulouse,"Nous recrutons un.e&#xa0;Ingénieur.e Data Scientist confirmé.e&#xa0;pour rejoindre notre Business Unit&#xa0;INDUSTRIE&#xa0;au sein de l'agence&#xa0;Data &amp; Process Intelligence,&#xa0;spécialisée dans l'accompagnement de nos clients dans leurs problématiques associées à la transformation digitale. Nos offres se déclinent autour de la data intelligence &amp; de la maintenance prédictive, de la digitalisation des processus industriels et du SI Métiers.Votre mission&#xa0;:En tant que Data Scientist, vous aurez la charge de :Développer et mettre en œuvre des modèles de data mining / machine learning sur des données complexes.Concevoir et optimiser des architectures Big Data, notamment sur Foundry® (Palantir).Piloter des projets de bout en bout et assurer une veille technologique active.Collaborer avec les équipes métiers pour répondre à leurs besoins.Contribuer aux activités de prospection et d'avant-vente de l'offre 'Maintenance Prédictive' (compréhension du besoin, proposition de solutions techniques, réalisation de missions d'auditli>Un niveau d'anglais courant est requis.L'environnement technique&#xa0;:Python / Java / Framework Big Data SparkTime SeriesSolution Foundry®&#xa0;(Palantir)","
CDI

Contrat travail
",00H/semaine,unspecified,unspecified,Unspecified,Débutant accepté,CDI,True
2995429,https://candidat.pole-emploi.fr/offres/recherche/detail/2995429,2025-10-05,Offre d'emploi Data Scientist (F/H) - Tours (H/F) - 37 - Tours - 2995429 | France Travail,37 - Tours,"Chaque jour, au sein d'Apivia Macif Mutuelle, près de  collaborateurs, (répartis sur 6 sites tertiaires) se mobilisent pour apporter la meilleure qualité de service à nos 1,8 millions d'adhérents en assurance santé-prévoyance.Tous mobilisés autour de notre ambition "" Solidaire pour favoriser l'égalité d'accès aux soins et au bien-être, Apivia Macif Mutuelle s'engage pour une protection accessible à tous. ""Vous souhaitez participer au développement d'Apivia Macif Mutuelle, entité spécialisée en santé et prévoyance de la Macif et vous avez envie de donner un nouvel élan à votre carrière ? Rejoignez-nous !La Direction Des Opérations DATA et SI recrute un Datascientist (F/H) au sein de son département Data & Analytics en CDI, à temps plein, à Tours, dès que possible.Au sein d'une équipe composée d'une quinzaine de collaborateurs, vous serez amené à prendre en charge notamment :- L'exploitation et la consolidation de données variées dans un objectif de mise en place des méthodes de machine learning (scores, NLP, séries temporellesfortes valeur opérationnelle- La réalisation de veille méthodologique et technologique afin de proposer des solutions innovantes et adaptées- Le développement d'outils internes- Des collaborations nombreuses avec toutes les directions de l'entreprise et de la Macif dans le cadre de projets.","
CDI

Contrat travail
",00H/semaine,unspecified,unspecified,Unspecified,Débutant accepté,CDI,True
2995291,https://candidat.pole-emploi.fr/offres/recherche/detail/2995291,2025-10-05,Offre d'emploi Lead Data Scientist / IA (H/F) - Reims - 51 - Reims - 2995291 | France Travail,51 - Reims,"Directement intégré a une petite équipe et en qualité de Lead Data Scientist intervenant sur des sujets IA, vos missions seront les suivantes :- Concevoir, développer et industrialiser des solutions IA/ML orientées prévision et détection d'anomalies.- Développer et évaluer des modèles de séries temporelles, de régression et de détection d'anomalies, en assurant robustesse et suivi des performances.- Construire des pipelines de traitement de données (collecte, nettoyage, enrichissement de features) et manipuler des bases SQL ainsi que des données volumineuses et variées.- Mettre en oeuvre des solutions distribuées pour garantir la scalabilité des traitements et modèles.- Créer et automatiser des dashboards pour valoriser la donnée et accompagner la prise de décision des métiers.- Appliquer les bonnes pratiques de développement (qualité de code, tests, documentation) et contribuer au suivi et à l'industrialisation des modèles en production.","
CDI

Contrat travail
",00H/semaine,unspecified,unspecified,Unspecified,Débutant accepté,CDI,True
2993564,https://candidat.pole-emploi.fr/offres/recherche/detail/2993564,2025-09-28,Offre d'emploi Data Scientist F/H - Génie Civil Grands Projets - CDI (H/F) - 78 - Vélizy-Villacoublay - 2993564 | France Travail,78 - Vélizy-Villacoublay,"Vos missions
Pour faciliter la lecture, l'écriture inclusive n'est pas utilisée dans le corps de cette annonce, les termes employés au masculin se réfèrent aussi bien aux femmes et aux hommes.A travers ses projets, Eiffage a une ambition forte : contribuer activement à bâtir un monde plus sobre et plus durable. Cet engagement en matière de responsabilité sociétale et environnementale se matérialise par une stratégie bas carbone ambitieuse qui vise à accélérer la transition écologique, présente dans nos différents projets.La réalisation de ces projets passe par le partage de valeurs communes&nbsp;: Responsabilité, Exemplarité, Confiance, Transparence, Lucidité, Courage et pugnacité.Projets importants que vous connaissez peut-être déjà : le viaduc de Millau, les lignes de métros et gares du Grand Paris, la fondation Louis Vuitton, et le tramway de Bordeaux, entre autres.VOTRE FUTUR ENVIRONNEMENTLa direction opérationnelle Grands Projets Souterrains composée de 700 collaborateurs est en charge de la maîtrise des risques spécifiques liés à ce type d'opérations et adaptent leurs méthodes aux environnements rencontrés qu'ils soient urbanisés ou en sites naturels.Ces travaux génèrent un volume considérable de données à collecter et analyser. L'objectif est double : accélérer notre transition écologique et améliorer nos performances opérationnelles.Pour ce faire, nous avons mis en place des projets spécifiquement dédiés à l'analyse de données. Vous serez rattaché à notre cellule de recherche et développement, intégrée au sein de nos équipes spécialisées dans les travaux souterrains.VOS MISSIONSRattaché au directeur de l'entité Delta Métronia, vous aurez pour missions :Traduction du besoin : Travailler en étroite collaboration avec les équipes spécialisées dans les travaux souterrains pour comprendre leurs besoins et les convertir en solutions data performantes.Collecte et stockage de la donnée : Développer une infrastructure robuste pour collecter et stocker les données provenant de nos chantiers de travaux souterrains.Préparation de la donnée : Traiter et préparer de grands volumes de données pour les rendre prêtes à l'analyse.Analyse de la donnée : Analyser les données collectées et les rendre facilement accessibles et utilisables pour l'ensemble des collaborateurs.Intégration de l'IA : Appliquer / Développer des solutions d'apprentissage automatique innovantes pour optimiser nos performances et atteindre nos objectifs environnementaux.Développement d'interfaces et déploiement de la solution : Concevoir des interfaces utilisateur intuitives permettant à tous les collaborateurs d'accéder facilement aux résultats de l'analyse. Cela peut inclure l'implémentation d'interfaces directement sur les chantiers, en collaboration avec les automaticiens.","
CDI

Contrat travail
",00H/semaine,unspecified,unspecified,Unspecified,Débutant accepté,CDI,True
2984720,https://candidat.pole-emploi.fr/offres/recherche/detail/2984720,2025-10-01,Offre d'emploi Consultant en Intelligence Artificielle H/F - 49 - Angers - 2984720 | France Travail,49 - Angers,"POSTE : Consultant en Intelligence Artificielle H/F
DESCRIPTION : Notre client, une entreprise de services en intelligence artificielle basée à Angers, recrute un(e) Consultant en Intelligence Artificielle pour renforcer son équipe conseil. Cette entreprise, composée de 15 collaborateurs, conçoit depuis 2019 des solutions sur mesure en machine learning, IA générative et optimisation mathématique pour des clients de secteurs variés : industrie, santé, éducation, retail, logistique  
   
 Vous rejoindrez une équipe dynamique et multidisciplinaire (data scientists, ingénieurs logiciel, consultants), dans un environnement propice à l'apprentissage et à la collaboration. Le poste est basé à Angers, avec des déplacements ponctuels (en moyenne 1 jour/semaine, 1 découché/mois).  
   
 Votre mission principale sera d'accompagner des entreprises dans leur réflexion stratégique autour de l'intelligence artificielle : identifier les opportunités, prioriser les cas d'usage, et formuler des recommandations claires, sans mise en oeuvre technique directe.  
   
 Vos missions incluent notamment :  
- L'analyse des enjeux métiers et stratégiques des clients.
- L'animation d'ateliers d'acculturation et d'idéation IA (souvent en binôme avec un(e) data scientist).
- Le cadrage et la priorisation des cas d'usage.
- La rédaction de synthèses structurées et de feuilles de route.
- La coordination interne (data science, ingénierie logicielle) et le suivi de mission.
Le poste offre un cadre de travail stimulant : 35h/semaine, télétravail jusqu'à 4 jours/semaine, forte autonomie sur l'organisation, environnement bienveillant, locaux en centre-ville dans l'espace Weforge à Angers.
PROFIL : - Diplômé(e) d'une école d'ingénieurs ou d'un master en informatique, data science, mathématiques appliquées ou équivalent.
- Minimum 5 ans d'expérience en IA (data science, machine learning, optimisation, IA générative), incluant une expérience professionnelle significative dans le monde de l'entreprise.
- Aisance relationnelle et capacité à dialoguer avec des interlocuteurs variés (équipes métiers, DSI, dirigeants).
- Fortes capacités d'analyse, de synthèse et de pédagogie ; goût pour la structuration et la simplification de sujets complexes.
- Vous n'avez plus envie de coder au quotidien, mais conservez une forte légitimité technique.
- Une expérience en conseil ou accompagnement client est un plus apprécié.
 Conditions et avantages  
- CDI basé à Angers (49)
- Rémunération fixe : 45 à 50 K€ brut annuel, selon profil
- Prime individuelle annuelle (jusqu'à un demi-mois de salaire) + intéressement selon résultats
- Télétravail flexible (jusqu'à 4j/semaine)
- Compteur d'heures récupérables, RTT annualisés
- Environnement collaboratif, culture d'entreprise inclusive
- 2 séminaires d'équipe/an, déjeuner d'équipe mensuel","
CDI

Contrat travail
",00H/semaine,40000.0,50000.0,Skaelia,Expérience exigée,CDI,False
2986048,https://candidat.pole-emploi.fr/offres/recherche/detail/2986048,2025-09-28,Offre d'emploi Actuaire Modélisation H/F - 92 - Nanterre - 2986048 | France Travail,92 - Nanterre,"Rejoignez la Direction Finances et Risques de GROUPAMA GAN VIE (entité vie du Groupe Groupama) au sein du Département Actuariat !Nous recrutons un Modélisateur Expert pour notre équipe ""Centralisation"".Dernier maillon de la chaine de production, l'équipe ""Centralisation"" coordonne l'ensemble des travaux de production (comptes, valorisation, solvabilité, etc.), définit les plannings des équipes Actuariat Individuelles et Actuariat Collectives, centralise les résultats et les présente à la Direction.A travers vos missions, vous serez notamment amené à centraliser les travaux de modélisation du portefeuille GGVie dans le cadre du calcul de l'exigence réglementaire et de la valorisation du portefeuille :Garantir la correcte élaboration des éléments nécessaires aux travaux prospectifsParticiper et développer les contrôles des résultats des modèles élémentaires sur les périmètres métiersParamétrer et alimenter les modèles centraux (ALM) pour GGVie dans le cadre des travaux de valorisation et de projection pour solvabilité 2Analyser les résultats prospectifs et marges techniques et financières projetées sur l'ensemble des travaux de productionParticiper à la transmission des données pour l'alimentation des modèles centraux pour le Groupe dans le cadre des travaux prospectifs (notamment dans le cadre de la valorisation type Embedded Value et des travaux Formule Standard).Vous serez également amené à participer :A l'évolution et aux automatisations des outils de centralisation des travaux de modélisation (ex : utilisation et évolution des modèles, .)Aux travaux de rentabilité du portefeuille (Valeur de la production nouvelle)A la formalisation des contrôles afin de sécuriser les résultatsA la rédaction et au maintien des notes de processus des différents travaux de l'équipeAux projets transversaux en lien avec les modélisateurs métiersAux autres travaux de l'équipe centralisation et de la fonction actuarielleA la mise en place et à la production des QRT à destination de l'ACPRAux comparaisons des Best Estimate produits avec ceux générés lors des travaux IFRS17 Aux études prospectives, notamment au suivi de la modélisation des passifsEnvironnement de travail :Le poste est basé à Nanterre (92), au pied du RER A NanterrePréfecture, au siège de Groupama Gan Vie.Open space et flex office.Télétravail : 2 jours par semaine.","
CDI

Contrat travail
",00H/semaine,unspecified,unspecified,Unspecified,Débutant accepté,CDI,True
2962259,https://candidat.pole-emploi.fr/offres/recherche/detail/2962259,2025-09-27,Offre d'emploi Data scientist (H/F) - 75 - Paris 9e Arrondissement - 2962259 | France Travail,75 - Paris 9e Arrondissement,"Description du poste :
Data Scientist Expérimenté - H/F // Data Lab RH Groupe
Missions, équipe et environnement de travail, ça donne quoi ?
L'équipe People Analytics est le centre d'expertise Analytics & AI qui accompagne les équipes RH dans l'exploitation des données pour aider au pilotage stratégique des activités et à l'amélioration de l'expérience employée.
Elle construit des produits analytiques et d'IA, en agile, visant à :
- Aider aux prises de décisions stratégiques pour la fonction
- Améliorer l'expérience des collaborateurs du Groupe
- Contribuer au dialogue avec les parties prenantes externes en rendant compte de nos actions RSE RH en tant qu'employeur responsable
- Digitaliser des processus RH
Forte de son expérience sur l'accompagnement auprès de la filière RH sur des produits Analytics, notre équipe agrandit son offre de service, en proposant des solutions en Intelligence Artificielle Traditionnelle et Générative. Pour accompagner ces ambitions, nous travaillons avec les lignes RH sur l'identification des cas d'usage, leur développement et leur déploiement
En rejoignant l'équipe People Analytics en tant que Data Scientist vos principales missions seront :
- Collaborer avec les Business Analysts en IA pour s'assurer que les produits développés répondent aux besoins des clients, et travailler avec l'équipe IT pour garantir la faisabilité technique pour l'industrialisation
- Concevoir, développer et déployer des solutions en IA Classique ou Générative pour répondre à des cas d'utilisation des métiers
- Développer des composants de notre Assistant Virtuel RH en utilisant des compétences en LLM, RAG et Agentique
- Livrer des produits fiables et dignes de confiance, en assurant la protection des données personnelles les thématiques de sécurité, robustesse, fiabilité et éthique
- Contribuer à l'amélioration et à l'optimisation continue des produits IA pour accroître leur précision, leur évolutivité
- Optimiser l'efficacité computationnelle et les coûts, et assurer la conformité des solutions développées avec les gouvernances en place
- Participer à l'amélioration continue des méthodologies IA et des méthodes de travail du Centre d'Expertise IA et des Data Scientists, et contribuer à la transformation Data de la filière RH
- Se tenir à jour des avancées en IA et partager ses connaissances avec les collègues pour promouvoir une culture d'apprentissage axée sur l'innovation
Vous travaillerez dans un environnement hybride (sur site et télétravail) dans des locaux situés au 20, rue de Clichy dans le 9ème arrondissement à Paris. Vous pourrez y accéder facilement par le métro qui est situé à seulement quelques minutes.
Et après ?
Les nombreux interlocuteurs que vous aurez vous permettront de développer votre réseau et d'envisager d'intégrer différentes équipes au sein de RHG ou plus largement au sein des métiers du groupe.
Les avantages à nous rejoindre
Un package rémunération et des avantages :***Un fixe annuel brut et un variable individuel (défini en fonction de votre performance et de celle de votre équipe).
* Plan épargne entreprise/retraite, intéressement et participation, couverture santé et prévoyance, activités sociales et culturelles via le comité d'entreprise
* De la flexibilité avec un rythme de de travail hybride : jusqu'à 2,5 jours de télétravail par semaine à définir avec votre manager
Rejoignez un Groupe engagé et prenez part à notre grand projet de transformation vers la construction d'un monde plus durable.
Découvrez nos engagements pour notre clientèle et la société.
Engagez-vous à nos côtés sur votre temps professionnel, à travers notre programme OneMillionHoursToHelp.
Etes-vous notre prochain Data Scientist ?
Oui si vous avez un BAC +5 en informatique ou IA ou domaine similaire et au moins 5 ans d'expérience professionnelle dans le développement et déploiement d'applications basées sur de l'IA.
Sur la partie Data Science vous justifiez de :
- Connaissances globales sur les différents types de modèles : supervisés, non supervisés, sur données structurées et non structurées
- Expérience significative sur les concepts de NLP (Transformers, embeddings.) et expérience en IA Générative : Modèles de langage (LLMs), prompt engineering, RAG, AI agent, évaluation des modèles génératifs
- Maîtrise de la conception et du développement de systèmes multi-agents (MAS)
- Connaissances en éthique de l'IA, biais algorithmiques, règlementations IA
- Capacité de veille technologique sur les nouveautés et tendances en IA
Sur la partie programmation & outils :
- Excellentes compétences en développement avec une expérience approfondie en Python et des compétences sur SQL
- Bon","
CDI

Contrat travail
",00H/semaine,unspecified,unspecified,Unspecified,3 An(s),CDI,False
2961346,https://candidat.pole-emploi.fr/offres/recherche/detail/2961346,2025-09-27,Offre d'emploi Data scientist (H/F) - 92 - Levallois-Perret - 2961346 | France Travail,92 - Levallois-Perret,"Description du poste :
Concrètement votre quotidien ?
BNPParibas Leasing Solutions BPLS est le métier spécialisé dans les solutions decrédit-bail et les solutions locatives pour équipements professionnels etimmobiliers.
Dansune stratégie d'accélération de la transformation digitale et data de BPLS, ledépartement Data Office a été créé en Juillet 2023 afin de répondre au besoinde maîtrise de la donnée et de la transformer en valeur ajoutée pour l'ensembledes Business et Fonctions de BNPP Leasing Solutions.
Pouraccompagner les métiers dans la création de valeur autour de leurs données,l'équipe Data Office intervient sur l'ensemble du cycle de vie de la donnée :collecte, structuration, analyse, modélisation et utilisation dans le respectdes attendus en termes de Data Privacy & Data Protection.
LeData Scientist Senior va intégrer l'équipe du Data Office pour analyser lesbesoins métiers et trouver l'approche de Data Science adaptée pour proposer unesolution appropriée. Vous aurez pour mission de contribuer à la mise en oeuvreet au pilotage de la stratégie IA de BNPP LS, en agissant comme point decontact principal pour les questions liées à l'IA.
Vousserez impliqué(e) dans des projets passionnants, où vos compétences en analysede données et en modélisation prédictive contribueront à transformer lesdonnées brutes en insights exploitables pour diverses équipes. Rattaché auChief Data Officer de BNPP LS, vos principales missions et activités seront lessuivantes :***Participer avec l'Analytics Manager à des ateliers de cadrage des besoins et être pro- actif dans la proposition d'analyses, construction de modèles pouvant répondre à des besoins fonctionnels.***Être en mesure de comprendre les besoins des métiers et de trouver l'approche adaptée de data science pour proposer une solution appropriée.***Comprendre les sources de données, analyser, nettoyer et organiser les datasets pour les rendre exploitables. Cela inclura les interactions avec les responsables métiers pour clarifier leurs besoins.***Elaborer et entrainer des modèles (machine/deep learning) sur-mesure pour répondre aux besoins métier, optimiser leurs performances dans le temps (backtest) et contribuer à leur application opérationnelle ainsi qu'à leur industrialisation avec Dataiku.***S'assurer que le code de ses modèles est bien documenté, prêt à la mise en production et peut facilement être maintenu.***Participer à la création et à la maintenance des pipelines des modèles d'IA pour assurer une livraison continue et fiable des modèles en production.***Assurer également l'interprétation des modèles et élaborer, identifier les biais potentiels et analyser la performance des modèles en fonction des besoins des métiers.***Créer des visualisations/web app claires et partager les insights avec les différents métiers et avec le management.***Devenir Expert sur les données et analyses réalisées par l'équipe et accompagner les autres membres de l'équipe data sur les sujets complexes.***Identifier et développer des cas d'usage d'IA Generative.
Defaçon transverse :***Proposer, animer la communauté Data Analytics au sein de BNPPLS y compris le partage d'expertise, bonnes pratiques***Contribuer aux programmes d'acculturation pour tenir les équipes informées des avancées et mettre en uvre des stratégies d'accompagnement du changement pour soutenir l'adaptation culturelle aux sujets IA.***Veiller à s'aligner aux priorités de la stratégie IA du Groupe et accompagner le CDO dans le déploiement des frameworks d'IA, couvrant l'ensemble du cycle de vie de la data science y compris les bonnes pratiques.***Contribuer à la diffusion de la gouvernance liée aux modèles d'IA et à la data science.***Superviser et valider les standards de qualité des modèles et services développés et mis en uvre par l'IA pour l'ensemble de LS en collaborant avec le Data Engineer et MLOps***Rester informé des dernières tendances et des avancées technologiques de l'IA dans le secteur bancaire.
Et après ?
Depar votre fonction, vous devrez travailler avec de nombreux interlocuteurs quivous permettront de développer votre réseau au sein du Groupe.
Enfonction de votre projet et de vos appétits, les changements envisagés sontmultiples : c'est à vous de tracer votre cap !
Les avantages à nous rejoindre ?
Unpackage rémunération et des avantages :
-Un fixe annuel brut et un variable individuel et collectif (défini en fonctionde votre performance et de celle de votre équipe).
-Un plan épargne entreprise/retraite, intéressement et participation, couverturesanté et prévoyance, activités sociales et culturelles via le comitéd'entreprise.
Rejoignezun Groupe engagé et prenez part à notre grand projet de transformation vers laconstruction d'un monde plus durable. Découvrez nos engagements pour notreclientèle et la s","
CDI

Contrat travail
",00H/semaine,unspecified,unspecified,Unspecified,6 An(s),CDI,False
2948177,https://candidat.pole-emploi.fr/offres/recherche/detail/2948177,2025-10-04,Offre d'emploi Data Scientist Senior Expert -  - BPLS Corporate (H/F) - 92 - Nanterre - 2948177 | France Travail,92 - Nanterre,"Concrètement votre quotidien ?BNP Paribas Leasing Solutions BPLS est le métier spécialisé dans les solutions de crédit-bail et les solutions locatives pour équipements professionnels et immobiliers. Dans une stratégie d'accélération de la transformation digitale et data de BPLS, le département Data Office a été créé en Juillet 2023 afin de répondre au besoin de maîtrise de la donnée et de la transformer en valeur ajoutée pour l'ensemble des Business et Fonctions de BNPP Leasing Solutions.Pour accompagner les métiers dans la création de valeur autour de leurs données, l'équipe Data Office intervient sur l'ensemble du cycle de vie de la donnée : collecte, structuration, analyse, modélisation et utilisation dans le respect des attendus en termes de Data Privacy & Data Protection.Le Data Scientist Senior va intégrer l'équipe du Data Office pour analyser les besoins métiers et trouver l'approche de Data Science adaptée pour proposer une solution appropriée. Vous aurez pour tâche de contribuer à la mise en oeuvre et au pilotage de la stratégie IA de BNPP LS, en agissant comme point de contact principal pour les questions liées à l'IA.Vous serez impliqué(e) dans des projets passionnants, où vos compétences en analyse de données et en modélisation prédictive contribueront à transformer les données brutes en insights exploitables pour diverses équipes. Rattaché au Chief Data Officer de BNPP LS, vos principales tâches et activités seront les suivantes :Participer avec l'Analytics Manager à des ateliers de cadrage des besoins et être pro- actif dans la proposition d'analyses, construction de modèles pouvant répondre à des besoins fonctionnels.Être en mesure de comprendre les besoins des métiers et de trouver l'approche adaptée de data science pour proposer une solution appropriée.Comprendre les sources de données, analyser, nettoyer et organiser les datasets pour les rendre exploitables. Cela inclura les interactions avec les responsables métiers pour clarifier leurs besoins.Elaborer et entrainer des modèles (machine/deep learning) sur-mesure pour répondre aux besoins métier, optimiser leurs performances dans le temps (backtest) et contribuer à leur application opérationnelle ainsi qu'à leur industrialisation avec Dataiku.S'assurer que le code de ses modèles est bien documenté, prêt à la mise en production et peut facilement être maintenu.Participer à la création et à la maintenance des pipelines des modèles d'IA pour assurer une livraison continue et fiable des modèles en production.Assurer également l'interprétation des modèles et élaborer, identifier les biais potentiels et analyser la performance des modèles en fonction des besoins des métiers.Créer des visualisations/web app claires et partager les insights avec les différents métiers et avec le management.Devenir Expert sur les données et analyses réalisées par l'équipe et accompagner les autres membres de l'équipe data sur les sujets complexes.Identifier et développer des cas d'usage d'IA Generative.De façon transverse :Proposer, animer la communauté Data Analytics au sein de BNPPLS y compris le partage d'expertise, bonnes pratiquesContribuer aux programmes d'acculturation pour tenir les équipes informées des avancées et mettre en uvre des stratégies d'accompagnement du changement pour soutenir l'adaptation culturelle aux sujets IA.Veiller à s'aligner aux priorités de la stratégie IA du Groupe et accompagner le CDO dans le déploiement des frameworks d'IA, couvrant l'ensemble du cycle de vie de la data science y compris les bonnes pratiques.Contribuer à la diffusion de la gouvernance liée aux modèles d'IA et à la data science.Superviser et valider les standards de qualité des modèles et services développés et mis en uvre par l'IA pour l'ensemble de LS en collaborant avec le Data Engineer et MLOpsRester informé des dernières tendances et des avancées technologiques de l'IA dans le secteur bancaire.Et après ? De par votre fonction, vous devrez travailler avec de nombreux interlocuteurs qui vous permettront de développer votre réseau au sein du Groupe. En fonction de votre projet et de vos appétits, les changements envisagés sont multiples : c'est à vous de tracer votre cap !Les avantages à nous rejoindre ?Un package rémunération et des avantages :- Un fixe annuel brut et un variable individuel et collectif (défini en fonction de votre performance et de celle de votre équipe).- Un plan épargne entreprise/retraite, intéressement et participation, couverture santé et prévoyance, activités sociales et culturelles via le comité d'entreprise. Rejoignez un Groupe engagé et prenez part à notre grand projet de transformation vers la construction d'un monde plus durable. Découvrez nos engagements pour notre clientèle et la société. Engagez-vous à nos côtés sur votre temps professionnel, à travers notre programme","
CDI

Contrat travail
",00H/semaine,unspecified,unspecified,Forums talents handicap,Débutant accepté,CDI,True
2948155,https://candidat.pole-emploi.fr/offres/recherche/detail/2948155,2025-10-04,Offre d'emploi Data Scientist senior (H/F) - 75 - Paris 1er Arrondissement - 2948155 | France Travail,75 - Paris 1er Arrondissement,"Rejoignez la BRED Banque Populaire  : une banque coopérative conquérante, humaine et engagée En tant que banque de proximité engagée sur ses territoires, nous soutenons activement le développement de nos territoires en Île-de-France, en Normandie et Outre-Mer avec un réseau de 411 implantations en France et à l'international, à travers nos filiales en Asie du Sud-Est, dans le Pacifique Sud, en Afrique et en Suisse.Nos activités et nos expertises nous permettent d'accompagner durablement nos clients  : banque de détail, banque de grandes entreprises et institutionnels, banque de gestion privée, banques à l'international, salle des marchés, société de gestion d'actifs, compagnie d'assurances, banque de financement du négoce international.Conquérante, humaine et engagée, nos valeurs incarnent notre ambition de relever chaque jour de nouveaux défis et d'agir de manière responsable et durable afin d'accompagner nos 1,6 million de clients, 200 000 sociétaires ainsi que l'ensemble de nos collaborateurs.Nous appartenons au Groupe BPCE - 2ème Groupe bancaire français.Et Vous, si vous rejoigniez la BRED Banque Populaire ?Forte de ses 7500 collaborateurs, dont 40 % sont basés en Outre-Mer et à l'international, la BRED Banque populaire vous propose un cadre professionnel épanouissant et des perspectives de carrière diversifiées, à l'échelle internationale.Que vous soyez expert ou manager, vous intégrez une banque à taille humaine qui encourage la responsabilisation et la prise d'initiative et qui accorde une place importante au développement et à l'accompagnement de ses collaborateurs.Poste et tâches Rattaché(e) à la Direction de la Distribution et de la Connaissance Client, vous intégrerez l'équipe Data Science et Etudes.Cette équipe se compose de 4 collaborateurs travaillant en transverse sur l'ensemble des problématiques de modélisations et études des différentes directions.Votre expertise vous permet de travailler sur les différents domaines de la data science :  Scorings marketing, scorings d'octroi de crédit et de risque, apprentissage supervisé et non supervisé, segmentations, NLP..Vous êtes à l'aise avec les chiffres, la dataviz (Power-BI, Dash ou autres), et vous savez faire parler les données grâce à des analyses et études diverses afin d'appréhender les comportements Clients. Vos tâches principales : Contribuer à maintenir et faire évoluer les modèles de prédiction existants et à venir (scores marketing, risque, octroi de crédit, fraude,.) Réaliser une veille, un état de l'art, sur les problématiques abordées en particulier sur l'IA  Trouver toutes les solutions adéquates pour faire « parler intelligemment les données»: études et analyses, tableaux de bords de suivi des performances des scores Implémenter et déployer les solutions validées en collaboration avec la DSI Travailler en étroite collaboration avec l'équipe DataScience et les parties prenantes des différentes équipes métiers et la DSI.Utiliser les techniques de machine learning et de l'analyse avancée pour améliorer l'expérience client, aider les conseillers et la banque à mieux connaitre les clients, prédire des outputs et contribuer à la création de valeur Promouvoir et présenter les travaux menés en interne au sein de la BRED Poste basé à Joinville le Pont (RER A).Profil et compétences requises Vous êtes la candidate ou le candidat idéal(e) si  : Titulaire d'un Bac +5 en école d'ingénieur, master Data Science, master Big Data ou cursus similaire.Vous avez au moins 5 années d'expérience dans un poste similaire en banque dans le cadre de modélisations plus spécifiquement risque et octroi de crédit.Vous avez une bonne connaissance et des compétences avérées dans la gestion de projets datascience (techniques de Machine Learning, algorithmie et modèles prédictifs) Familier(e) avec la gestion de bases de données, vous maîtrisez parfaitement les techniques de requêtage (SQL), l'analyse statistique des données et le langage de programmation Python.Une connaissance des plateformes Dataiku et de Power-BI serait un plus.Vous êtes organisé(e), fiable, dynamique et vous respectez les délais.Votre aisance relationnelle vous permet de travailler en transverse, sans difficulté.Informations complémentaires Nous rejoindre ?C'est bénéficier des avantages liés à notre politique RH  : Un suivi de carrière personnalisé en lien avec votre manager et votre Responsable RH Un dispositif de formations innovant  : Ecole du Management BRED en partenariat avec HEC, des parcours individualisés ainsi que des applications d'autoformation.Un package social attractif : Accord d'Intéressement / Participation attractif, basé sur la volonté de partage des résultats avec nos salariés Accord télétravail, 1 à 2 jours par semaine Accord sur la Qualité de Vie et des Conditions de Travail Autres","
CDI

Contrat travail
",00H/semaine,unspecified,unspecified,Forums talents handicap,3 An(s),CDI,False
